data/images/sand3.bmp
data/images/terrain3.bmp
2
data/模型/士兵0/
data/mdl模型/qian0.mdl
337.536194
-374.151215
-259.900116
2.099999
504
240.102539
594.136780
7.000000
7.000000
7.000000
-0.875000
12
0
449.288605
177.940002
7.000000
7.000000
7.000000
-0.875000
11
0
422.547089
623.844727
5.000000
5.000000
5.000000
-0.625000
13
0
578.250061
148.276016
7.000000
7.000000
7.000000
-0.875000
14
0
432.786652
601.827454
7.000000
7.000000
7.000000
-0.875000
11
0
443.531616
590.137634
7.000000
7.000000
7.000000
-0.875000
14
0
450.123596
240.388199
7.000000
7.000000
7.000000
-0.875000
11
0
496.443359
264.932404
4.000000
4.000000
4.000000
-0.500000
11
0
96.023438
655.464355
6.000000
6.000000
6.000000
-0.750000
13
0
283.104340
379.633179
4.000000
4.000000
4.000000
-0.500000
13
0
191.980957
532.963013
7.000000
7.000000
7.000000
-0.875000
12
0
427.249359
78.312935
6.000000
6.000000
6.000000
-0.750000
11
0
647.202393
305.539124
4.000000
4.000000
4.000000
-0.500000
11
0
23.050020
663.792236
7.000000
7.000000
7.000000
-0.875000
13
0
236.520889
659.002014
4.000000
4.000000
4.000000
-0.500000
12
0
237.971130
549.025574
6.000000
6.000000
6.000000
-0.750000
12
0
428.172241
408.923615
4.000000
4.000000
4.000000
-0.500000
11
0
445.487213
378.886078
5.000000
5.000000
5.000000
-0.625000
13
0
301.605896
227.270126
6.000000
6.000000
6.000000
-0.750000
12
0
567.966553
321.535706
7.000000
7.000000
7.000000
-0.875000
13
0
555.353882
698.905579
5.000000
5.000000
5.000000
-0.625000
14
0
269.458893
330.105286
7.000000
7.000000
7.000000
-0.875000
12
0
44.693748
468.075806
7.000000
7.000000
7.000000
-0.875000
12
0
38.563187
494.224060
7.000000
7.000000
7.000000
-0.875000
13
0
689.676819
235.114594
5.000000
5.000000
5.000000
-0.625000
12
0
561.154846
41.551559
7.000000
7.000000
7.000000
-0.875000
12
0
592.730469
362.977386
6.000000
6.000000
6.000000
-0.750000
11
0
383.214813
29.400311
6.000000
6.000000
6.000000
-0.750000
13
0
566.604187
13.667409
5.000000
5.000000
5.000000
-0.625000
11
0
503.694580
366.229431
4.000000
4.000000
4.000000
-0.500000
14
0
312.153076
695.060303
7.000000
7.000000
7.000000
-0.875000
13
0
57.306435
523.294800
7.000000
7.000000
7.000000
-0.875000
12
0
86.157417
537.094055
6.000000
6.000000
6.000000
-0.750000
11
0
367.306122
336.060059
5.000000
5.000000
5.000000
-0.625000
11
0
659.067993
178.731033
4.000000
4.000000
4.000000
-0.500000
11
0
88.310799
175.940430
7.000000
7.000000
7.000000
-0.875000
13
0
122.852867
104.241463
4.000000
4.000000
4.000000
-0.500000
14
0
159.196747
491.828979
5.000000
5.000000
5.000000
-0.625000
11
0
508.946198
229.862976
4.000000
4.000000
4.000000
-0.500000
14
0
565.769226
1.450240
4.000000
4.000000
4.000000
-0.500000
12
0
455.792725
300.419312
5.000000
5.000000
5.000000
-0.625000
12
0
433.665588
453.243805
7.000000
7.000000
7.000000
-0.875000
12
0
566.911804
375.743896
7.000000
7.000000
7.000000
-0.875000
11
0
11.140476
677.701355
7.000000
7.000000
7.000000
-0.875000
11
0
578.535706
687.369629
7.000000
7.000000
7.000000
-0.875000
11
0
221.952576
88.948029
7.000000
7.000000
7.000000
-0.875000
11
0
577.546936
145.001984
6.000000
6.000000
6.000000
-0.750000
14
0
508.045288
116.480606
4.000000
4.000000
4.000000
-0.500000
13
0
509.231842
693.192566
5.000000
5.000000
5.000000
-0.625000
11
0
2.395093
686.512634
6.000000
6.000000
6.000000
-0.750000
13
0
135.026093
237.707443
7.000000
7.000000
7.000000
-0.875000
14
0
592.005371
393.608215
5.000000
5.000000
5.000000
-0.625000
13
0
160.493179
62.360302
4.000000
4.000000
4.000000
-0.500000
14
0
350.386658
362.296204
5.000000
5.000000
5.000000
-0.625000
14
0
213.009430
95.364235
6.000000
6.000000
6.000000
-0.750000
11
0
380.687897
278.643768
6.000000
6.000000
6.000000
-0.750000
11
0
149.572433
25.906551
7.000000
7.000000
7.000000
-0.875000
12
0
588.291870
271.722168
5.000000
5.000000
5.000000
-0.625000
12
0
374.689178
510.835907
5.000000
5.000000
5.000000
-0.625000
14
0
223.710434
5.185705
5.000000
5.000000
5.000000
-0.625000
13
0
448.167969
151.088593
6.000000
6.000000
6.000000
-0.750000
11
0
315.471039
18.962980
7.000000
7.000000
7.000000
-0.875000
12
0
302.836395
478.403259
4.000000
4.000000
4.000000
-0.500000
12
0
72.797630
280.687286
6.000000
6.000000
6.000000
-0.750000
11
0
472.514404
231.686752
5.000000
5.000000
5.000000
-0.625000
11
0
218.458817
267.261566
4.000000
4.000000
4.000000
-0.500000
11
0
609.693909
523.778198
4.000000
4.000000
4.000000
-0.500000
14
0
291.630005
576.492188
7.000000
7.000000
7.000000
-0.875000
14
0
613.407410
17.842340
6.000000
6.000000
6.000000
-0.750000
14
0
0.659200
308.615387
5.000000
5.000000
5.000000
-0.625000
14
0
47.044891
274.051331
6.000000
6.000000
6.000000
-0.750000
13
0
305.956604
297.848450
5.000000
5.000000
5.000000
-0.625000
11
0
166.140320
386.093323
6.000000
6.000000
6.000000
-0.750000
12
0
632.677979
674.009827
4.000000
4.000000
4.000000
-0.500000
13
0
636.259644
347.749878
4.000000
4.000000
4.000000
-0.500000
14
0
133.575851
673.965881
4.000000
4.000000
4.000000
-0.500000
11
0
300.617096
189.410080
6.000000
6.000000
6.000000
-0.750000
11
0
121.929993
703.344238
4.000000
4.000000
4.000000
-0.500000
14
0
558.166443
644.785278
6.000000
6.000000
6.000000
-0.750000
14
0
474.272278
167.898193
6.000000
6.000000
6.000000
-0.750000
12
0
551.178955
307.187103
6.000000
6.000000
6.000000
-0.750000
12
0
83.081146
435.335541
7.000000
7.000000
7.000000
-0.875000
14
0
3.164159
76.423233
5.000000
5.000000
5.000000
-0.625000
14
0
639.885254
686.666443
4.000000
4.000000
4.000000
-0.500000
14
0
346.717133
495.168915
5.000000
5.000000
5.000000
-0.625000
11
0
67.721794
337.752014
7.000000
7.000000
7.000000
-0.875000
13
0
541.225037
615.494873
7.000000
7.000000
7.000000
-0.875000
11
0
84.267708
111.075165
6.000000
6.000000
6.000000
-0.750000
11
0
540.719604
555.529663
6.000000
6.000000
6.000000
-0.750000
13
0
534.479187
317.141022
4.000000
4.000000
4.000000
-0.500000
14
0
171.721542
546.037170
4.000000
4.000000
4.000000
-0.500000
14
0
653.376892
666.033508
5.000000
5.000000
5.000000
-0.625000
14
0
621.098083
66.864830
7.000000
7.000000
7.000000
-0.875000
12
0
58.998383
169.018829
6.000000
6.000000
6.000000
-0.750000
12
0
613.715027
673.636292
6.000000
6.000000
6.000000
-0.750000
12
0
195.079193
10.151677
7.000000
7.000000
7.000000
-0.875000
14
0
240.388199
274.183167
5.000000
5.000000
5.000000
-0.625000
12
0
463.988770
27.796259
4.000000
4.000000
4.000000
-0.500000
13
0
195.672470
455.243378
4.000000
4.000000
4.000000
-0.500000
14
0
569.416809
326.106140
5.000000
5.000000
5.000000
-0.625000
11
0
25.620899
218.876312
5.000000
5.000000
5.000000
-0.625000
11
0
429.204987
96.770531
6.000000
6.000000
6.000000
-0.750000
13
0
425.667297
609.188538
5.000000
5.000000
5.000000
-0.625000
13
0
538.280579
130.389725
7.000000
7.000000
7.000000
-0.875000
14
0
228.368790
68.710594
4.000000
4.000000
4.000000
-0.500000
14
0
621.383728
378.160950
5.000000
5.000000
5.000000
-0.625000
11
0
321.272003
685.238220
6.000000
6.000000
6.000000
-0.750000
14
0
175.764648
483.413177
7.000000
7.000000
7.000000
-0.875000
13
0
94.705040
127.972656
6.000000
6.000000
6.000000
-0.750000
13
0
184.290298
403.122650
6.000000
6.000000
6.000000
-0.750000
14
0
99.605087
234.521317
6.000000
6.000000
6.000000
-0.750000
11
0
237.927185
399.519043
6.000000
6.000000
6.000000
-0.750000
12
0
115.294044
567.219482
5.000000
5.000000
5.000000
-0.625000
13
0
428.809479
401.650452
6.000000
6.000000
6.000000
-0.750000
12
0
547.311646
699.696655
4.000000
4.000000
4.000000
-0.500000
11
0
92.837303
176.929230
4.000000
4.000000
4.000000
-0.500000
12
0
675.262329
433.489777
6.000000
6.000000
6.000000
-0.750000
12
0
602.750305
312.702423
6.000000
6.000000
6.000000
-0.750000
13
0
230.566116
104.658958
5.000000
5.000000
5.000000
-0.625000
12
0
690.643616
407.781006
6.000000
6.000000
6.000000
-0.750000
11
0
704.311035
260.230103
6.000000
6.000000
6.000000
-0.750000
11
0
140.980865
234.103821
4.000000
4.000000
4.000000
-0.500000
12
0
625.075256
704.838379
5.000000
5.000000
5.000000
-0.625000
11
0
333.445221
268.140503
6.000000
6.000000
6.000000
-0.750000
12
0
646.653015
357.264313
6.000000
6.000000
6.000000
-0.750000
14
0
195.496689
152.626724
7.000000
7.000000
7.000000
-0.875000
12
0
446.036560
76.994537
5.000000
5.000000
5.000000
-0.625000
13
0
525.448181
127.972656
5.000000
5.000000
5.000000
-0.625000
14
0
391.059296
540.829468
6.000000
6.000000
6.000000
-0.750000
14
0
125.160072
393.915833
5.000000
5.000000
5.000000
-0.625000
11
0
58.251289
209.339890
6.000000
6.000000
6.000000
-0.750000
11
0
302.880341
561.110901
4.000000
4.000000
4.000000
-0.500000
14
0
80.773949
583.589600
5.000000
5.000000
5.000000
-0.625000
14
0
466.010315
632.568115
4.000000
4.000000
4.000000
-0.500000
14
0
126.039001
31.465803
6.000000
6.000000
6.000000
-0.750000
11
0
643.994263
635.314819
6.000000
6.000000
6.000000
-0.750000
11
0
203.670761
664.583252
6.000000
6.000000
6.000000
-0.750000
12
0
141.024811
341.992859
7.000000
7.000000
7.000000
-0.875000
13
0
263.218475
184.400162
5.000000
5.000000
5.000000
-0.625000
12
0
239.003876
522.283997
7.000000
7.000000
7.000000
-0.875000
12
0
242.058167
379.259613
7.000000
7.000000
7.000000
-0.875000
11
0
150.231628
684.600952
5.000000
5.000000
5.000000
-0.625000
14
0
563.154419
590.555115
4.000000
4.000000
4.000000
-0.500000
12
0
620.307007
507.583862
6.000000
6.000000
6.000000
-0.750000
13
0
202.813812
629.535828
5.000000
5.000000
5.000000
-0.625000
12
0
60.756248
641.665100
6.000000
6.000000
6.000000
-0.750000
11
0
248.694107
183.718979
5.000000
5.000000
5.000000
-0.625000
12
0
492.158569
0.681173
5.000000
5.000000
5.000000
-0.625000
11
0
707.387329
473.635071
5.000000
5.000000
5.000000
-0.625000
11
0
256.670441
343.377167
7.000000
7.000000
7.000000
-0.875000
14
0
642.324280
239.157684
4.000000
4.000000
4.000000
-0.500000
14
0
140.980865
145.001984
4.000000
4.000000
4.000000
-0.500000
12
0
201.627243
456.276123
7.000000
7.000000
7.000000
-0.875000
14
0
589.104919
78.840294
5.000000
5.000000
5.000000
-0.625000
11
0
215.931885
503.496796
6.000000
6.000000
6.000000
-0.750000
13
0
85.146645
667.835327
5.000000
5.000000
5.000000
-0.625000
12
0
86.091492
178.511307
6.000000
6.000000
6.000000
-0.750000
13
0
466.230042
26.038393
5.000000
5.000000
5.000000
-0.625000
13
0
441.070587
364.735260
5.000000
5.000000
5.000000
-0.625000
11
0
445.113678
330.346985
4.000000
4.000000
4.000000
-0.500000
12
0
485.764343
187.849976
5.000000
5.000000
5.000000
-0.625000
14
0
383.236786
701.893982
4.000000
4.000000
4.000000
-0.500000
14
0
118.721886
22.368847
5.000000
5.000000
5.000000
-0.625000
14
0
313.339630
257.681213
7.000000
7.000000
7.000000
-0.875000
13
0
340.147095
268.206421
6.000000
6.000000
6.000000
-0.750000
13
0
572.361206
532.215942
7.000000
7.000000
7.000000
-0.875000
11
0
509.473541
217.228302
7.000000
7.000000
7.000000
-0.875000
13
0
4.284799
68.864403
7.000000
7.000000
7.000000
-0.875000
13
0
373.326813
609.869690
6.000000
6.000000
6.000000
-0.750000
11
0
372.887360
621.713318
7.000000
7.000000
7.000000
-0.875000
13
0
383.346649
521.580872
4.000000
4.000000
4.000000
-0.500000
14
0
424.524689
486.819061
4.000000
4.000000
4.000000
-0.500000
12
0
303.913086
99.517197
5.000000
5.000000
5.000000
-0.625000
11
0
481.062042
163.986938
5.000000
5.000000
5.000000
-0.625000
12
0
429.996033
509.078033
6.000000
6.000000
6.000000
-0.750000
11
0
282.576996
188.333389
7.000000
7.000000
7.000000
-0.875000
11
0
375.018768
370.338440
6.000000
6.000000
6.000000
-0.750000
11
0
160.229492
491.653198
7.000000
7.000000
7.000000
-0.875000
14
0
468.559235
204.791412
6.000000
6.000000
6.000000
-0.750000
11
0
499.058197
574.184998
7.000000
7.000000
7.000000
-0.875000
11
0
4.284799
491.828979
4.000000
4.000000
4.000000
-0.500000
11
0
210.746170
486.071960
4.000000
4.000000
4.000000
-0.500000
12
0
257.703186
535.226318
7.000000
7.000000
7.000000
-0.875000
12
0
696.576416
458.978851
7.000000
7.000000
7.000000
-0.875000
14
0
33.926815
299.869995
5.000000
5.000000
5.000000
-0.625000
14
0
180.005493
627.602173
6.000000
6.000000
6.000000
-0.750000
11
0
305.627014
178.225647
4.000000
4.000000
4.000000
-0.500000
12
0
9.756157
121.270790
4.000000
4.000000
4.000000
-0.500000
12
0
660.671997
126.852013
6.000000
6.000000
6.000000
-0.750000
13
0
612.440552
565.505554
7.000000
7.000000
7.000000
-0.875000
11
0
520.086670
333.093658
6.000000
6.000000
6.000000
-0.750000
14
0
55.328838
313.537415
4.000000
4.000000
4.000000
-0.500000
14
0
85.739922
531.534790
4.000000
4.000000
4.000000
-0.500000
14
0
259.439056
287.938477
7.000000
7.000000
7.000000
-0.875000
11
0
298.309875
130.543533
4.000000
4.000000
4.000000
-0.500000
13
0
702.003845
552.145752
4.000000
4.000000
4.000000
-0.500000
13
0
364.954987
589.016968
4.000000
4.000000
4.000000
-0.500000
13
0
489.521790
571.987671
7.000000
7.000000
7.000000
-0.875000
14
0
57.130650
682.667297
5.000000
5.000000
5.000000
-0.625000
12
0
160.471207
287.323212
4.000000
4.000000
4.000000
-0.500000
11
0
298.595551
500.860016
6.000000
6.000000
6.000000
-0.750000
12
0
338.169495
553.574036
7.000000
7.000000
7.000000
-0.875000
13
0
602.904114
492.971588
5.000000
5.000000
5.000000
-0.625000
14
0
113.558151
73.237099
5.000000
5.000000
5.000000
-0.625000
12
0
561.528381
605.057556
4.000000
4.000000
4.000000
-0.500000
11
0
197.979675
337.598206
6.000000
6.000000
6.000000
-0.750000
11
0
341.443512
226.347244
6.000000
6.000000
6.000000
-0.750000
14
0
46.034119
578.030334
6.000000
6.000000
6.000000
-0.750000
13
0
193.101593
385.939514
4.000000
4.000000
4.000000
-0.500000
12
0
468.471313
7.822505
4.000000
4.000000
4.000000
-0.500000
11
0
408.154541
279.149139
4.000000
4.000000
4.000000
-0.500000
11
0
214.789276
153.637497
6.000000
6.000000
6.000000
-0.750000
12
0
287.279266
364.295776
5.000000
5.000000
5.000000
-0.625000
11
0
206.263626
76.972565
6.000000
6.000000
6.000000
-0.750000
11
0
437.994324
509.100006
4.000000
4.000000
4.000000
-0.500000
12
0
298.661469
325.952332
6.000000
6.000000
6.000000
-0.750000
13
0
482.468323
387.323822
4.000000
4.000000
4.000000
-0.500000
14
0
95.012665
496.641144
5.000000
5.000000
5.000000
-0.625000
12
0
95.342262
685.326111
4.000000
4.000000
4.000000
-0.500000
12
0
208.526871
484.775543
4.000000
4.000000
4.000000
-0.500000
13
0
491.631226
78.576614
4.000000
4.000000
4.000000
-0.500000
14
0
375.370331
387.279877
7.000000
7.000000
7.000000
-0.875000
11
0
604.288452
218.348953
4.000000
4.000000
4.000000
-0.500000
14
0
177.368698
493.828552
5.000000
5.000000
5.000000
-0.625000
13
0
192.266617
8.086185
4.000000
4.000000
4.000000
-0.500000
11
0
215.009003
648.344971
7.000000
7.000000
7.000000
-0.875000
12
0
518.262878
50.121159
5.000000
5.000000
5.000000
-0.625000
13
0
130.126038
420.679352
5.000000
5.000000
5.000000
-0.625000
11
0
436.434204
702.245544
7.000000
7.000000
7.000000
-0.875000
14
0
678.712097
88.113037
7.000000
7.000000
7.000000
-0.875000
13
0
130.345779
224.040039
4.000000
4.000000
4.000000
-0.500000
12
0
493.784607
266.888031
6.000000
6.000000
6.000000
-0.750000
11
0
260.691559
213.800476
4.000000
4.000000
4.000000
-0.500000
13
0
498.179260
193.826721
5.000000
5.000000
5.000000
-0.625000
11
0
123.116547
334.807587
7.000000
7.000000
7.000000
-0.875000
14
0
127.357399
417.866760
4.000000
4.000000
4.000000
-0.500000
14
0
576.140625
332.038940
5.000000
5.000000
5.000000
-0.625000
13
0
482.248596
541.620544
4.000000
4.000000
4.000000
-0.500000
11
0
218.722488
698.641907
6.000000
6.000000
6.000000
-0.750000
11
0
11.953489
652.937378
5.000000
5.000000
5.000000
-0.625000
13
0
658.386780
552.541260
6.000000
6.000000
6.000000
-0.750000
14
0
6.701865
686.512634
7.000000
7.000000
7.000000
-0.875000
13
0
708.771606
643.049438
7.000000
7.000000
7.000000
-0.875000
11
0
460.626862
595.345337
6.000000
6.000000
6.000000
-0.750000
14
0
397.585388
687.347656
6.000000
6.000000
6.000000
-0.750000
13
0
704.464844
612.418579
6.000000
6.000000
6.000000
-0.750000
11
0
384.401367
397.036041
6.000000
6.000000
6.000000
-0.750000
13
0
488.489014
162.185120
7.000000
7.000000
7.000000
-0.875000
13
0
388.444458
594.861877
4.000000
4.000000
4.000000
-0.500000
12
0
75.324562
462.208923
5.000000
5.000000
5.000000
-0.625000
14
0
226.391190
100.989410
4.000000
4.000000
4.000000
-0.500000
13
0
62.711876
14.546342
6.000000
6.000000
6.000000
-0.750000
11
0
580.205688
629.931335
7.000000
7.000000
7.000000
-0.875000
12
0
216.283463
267.613159
7.000000
7.000000
7.000000
-0.875000
11
0
614.945496
256.714386
6.000000
6.000000
6.000000
-0.750000
11
0
192.464371
567.417236
7.000000
7.000000
7.000000
-0.875000
14
0
366.581024
653.816345
6.000000
6.000000
6.000000
-0.750000
13
0
711.254639
399.321259
4.000000
4.000000
4.000000
-0.500000
14
0
699.828491
17.380901
6.000000
6.000000
6.000000
-0.750000
14
0
138.959320
279.588623
4.000000
4.000000
4.000000
-0.500000
13
0
115.865349
484.138306
7.000000
7.000000
7.000000
-0.875000
12
0
161.174347
576.887695
5.000000
5.000000
5.000000
-0.625000
14
0
650.322571
517.625671
5.000000
5.000000
5.000000
-0.625000
14
0
385.456085
423.865479
5.000000
5.000000
5.000000
-0.625000
11
0
540.895386
344.959259
6.000000
6.000000
6.000000
-0.750000
12
0
594.136780
318.745087
7.000000
7.000000
7.000000
-0.875000
14
0
305.297394
283.389984
6.000000
6.000000
6.000000
-0.750000
11
0
567.219482
496.904816
4.000000
4.000000
4.000000
-0.500000
13
0
629.008423
596.773560
6.000000
6.000000
6.000000
-0.750000
11
0
355.132904
112.305672
7.000000
7.000000
7.000000
-0.875000
12
0
703.080566
2.153386
4.000000
4.000000
4.000000
-0.500000
12
0
281.544250
109.273354
6.000000
6.000000
6.000000
-0.750000
14
0
612.045044
26.389965
6.000000
6.000000
6.000000
-0.750000
12
0
676.251099
423.865479
7.000000
7.000000
7.000000
-0.875000
12
0
571.592163
92.705467
7.000000
7.000000
7.000000
-0.875000
13
0
617.802063
155.505234
7.000000
7.000000
7.000000
-0.875000
13
0
616.461670
617.164856
4.000000
4.000000
4.000000
-0.500000
12
0
6.548051
708.573853
6.000000
6.000000
6.000000
-0.750000
12
0
18.215887
435.291595
5.000000
5.000000
5.000000
-0.625000
11
0
647.334229
383.939941
4.000000
4.000000
4.000000
-0.500000
14
0
33.157749
78.686485
5.000000
5.000000
5.000000
-0.625000
11
0
582.249207
580.535278
6.000000
6.000000
6.000000
-0.750000
13
0
619.977417
101.516769
5.000000
5.000000
5.000000
-0.625000
11
0
393.542297
566.911804
4.000000
4.000000
4.000000
-0.500000
14
0
487.654053
217.118439
6.000000
6.000000
6.000000
-0.750000
11
0
596.443970
262.757050
5.000000
5.000000
5.000000
-0.625000
12
0
473.305450
684.469116
6.000000
6.000000
6.000000
-0.750000
13
0
201.868958
230.566116
6.000000
6.000000
6.000000
-0.750000
11
0
169.919739
184.883575
4.000000
4.000000
4.000000
-0.500000
12
0
49.352093
317.141022
6.000000
6.000000
6.000000
-0.750000
14
0
44.232307
268.536041
5.000000
5.000000
5.000000
-0.625000
12
0
109.778740
545.092346
7.000000
7.000000
7.000000
-0.875000
13
0
404.506958
530.963440
4.000000
4.000000
4.000000
-0.500000
12
0
118.216499
654.519470
4.000000
4.000000
4.000000
-0.500000
11
0
98.308662
359.615479
6.000000
6.000000
6.000000
-0.750000
12
0
656.760742
454.452332
5.000000
5.000000
5.000000
-0.625000
13
0
700.443726
50.560623
6.000000
6.000000
6.000000
-0.750000
11
0
367.284149
264.580841
7.000000
7.000000
7.000000
-0.875000
13
0
350.628387
574.954041
6.000000
6.000000
6.000000
-0.750000
14
0
94.331490
6.591998
5.000000
5.000000
5.000000
-0.625000
12
0
281.368439
555.485718
4.000000
4.000000
4.000000
-0.500000
11
0
277.852722
545.971252
7.000000
7.000000
7.000000
-0.875000
13
0
275.765259
533.182800
6.000000
6.000000
6.000000
-0.750000
11
0
236.081421
83.322853
7.000000
7.000000
7.000000
-0.875000
12
0
335.378876
123.797722
7.000000
7.000000
7.000000
-0.875000
12
0
58.251289
716.198608
7.000000
7.000000
7.000000
-0.875000
12
0
637.907654
304.418457
4.000000
4.000000
4.000000
-0.500000
12
0
67.546005
690.423889
5.000000
5.000000
5.000000
-0.625000
13
0
505.144806
30.037539
4.000000
4.000000
4.000000
-0.500000
12
0
13.821222
421.734070
7.000000
7.000000
7.000000
-0.875000
14
0
700.707397
140.101929
4.000000
4.000000
4.000000
-0.500000
14
0
156.406143
687.457520
7.000000
7.000000
7.000000
-0.875000
12
0
417.866760
155.131683
7.000000
7.000000
7.000000
-0.875000
11
0
636.962769
187.893921
4.000000
4.000000
4.000000
-0.500000
14
0
477.370514
203.165375
4.000000
4.000000
4.000000
-0.500000
13
0
582.271179
398.024841
7.000000
7.000000
7.000000
-0.875000
11
0
495.256805
156.406143
7.000000
7.000000
7.000000
-0.875000
11
0
537.072083
428.963287
7.000000
7.000000
7.000000
-0.875000
11
0
100.615860
297.848450
7.000000
7.000000
7.000000
-0.875000
12
0
306.835541
619.581909
6.000000
6.000000
6.000000
-0.750000
13
0
603.563354
637.643982
7.000000
7.000000
7.000000
-0.875000
12
0
130.587479
458.055969
6.000000
6.000000
6.000000
-0.750000
14
0
632.787842
319.865723
5.000000
5.000000
5.000000
-0.625000
11
0
143.793457
193.453171
4.000000
4.000000
4.000000
-0.500000
13
0
143.551743
718.967224
5.000000
5.000000
5.000000
-0.625000
12
0
291.036713
377.260040
4.000000
4.000000
4.000000
-0.500000
14
0
555.573608
706.332581
4.000000
4.000000
4.000000
-0.500000
11
0
688.929688
54.933315
6.000000
6.000000
6.000000
-0.750000
11
0
300.595123
646.916687
6.000000
6.000000
6.000000
-0.750000
11
0
278.885468
87.541733
7.000000
7.000000
7.000000
-0.875000
14
0
180.379044
5.713065
7.000000
7.000000
7.000000
-0.875000
13
0
249.990540
83.191017
7.000000
7.000000
7.000000
-0.875000
13
0
534.479187
84.443497
7.000000
7.000000
7.000000
-0.875000
11
0
711.716064
458.781097
5.000000
5.000000
5.000000
-0.625000
12
0
298.046204
367.965332
6.000000
6.000000
6.000000
-0.750000
14
0
696.796143
271.326630
5.000000
5.000000
5.000000
-0.625000
11
0
109.602951
0.944853
5.000000
5.000000
5.000000
-0.625000
13
0
54.032410
179.741806
5.000000
5.000000
5.000000
-0.625000
13
0
108.965729
74.401688
6.000000
6.000000
6.000000
-0.750000
11
0
351.155731
456.298096
4.000000
4.000000
4.000000
-0.500000
14
0
344.893341
242.211975
4.000000
4.000000
4.000000
-0.500000
12
0
467.526489
528.128906
6.000000
6.000000
6.000000
-0.750000
13
0
193.057648
467.746216
5.000000
5.000000
5.000000
-0.625000
13
0
556.979858
48.956573
7.000000
7.000000
7.000000
-0.875000
11
0
383.786133
700.399780
7.000000
7.000000
7.000000
-0.875000
12
0
700.773315
60.536514
7.000000
7.000000
7.000000
-0.875000
11
0
439.818115
642.148499
7.000000
7.000000
7.000000
-0.875000
13
0
10.129704
644.192017
7.000000
7.000000
7.000000
-0.875000
12
0
164.206665
324.084595
5.000000
5.000000
5.000000
-0.625000
12
0
499.431732
102.461624
7.000000
7.000000
7.000000
-0.875000
14
0
138.168274
53.087559
5.000000
5.000000
5.000000
-0.625000
12
0
608.595215
710.639343
6.000000
6.000000
6.000000
-0.750000
13
0
508.726471
448.277832
4.000000
4.000000
4.000000
-0.500000
13
0
696.246826
158.295853
6.000000
6.000000
6.000000
-0.750000
12
0
226.654861
407.583252
5.000000
5.000000
5.000000
-0.625000
12
0
342.300476
360.911896
5.000000
5.000000
5.000000
-0.625000
11
0
334.324158
204.373917
4.000000
4.000000
4.000000
-0.500000
13
0
420.899078
521.383118
5.000000
5.000000
5.000000
-0.625000
13
0
503.364960
353.946350
7.000000
7.000000
7.000000
-0.875000
12
0
583.216064
361.571106
4.000000
4.000000
4.000000
-0.500000
11
0
342.586151
570.185852
4.000000
4.000000
4.000000
-0.500000
13
0
70.182808
563.923462
5.000000
5.000000
5.000000
-0.625000
12
0
435.818970
251.946167
5.000000
5.000000
5.000000
-0.625000
14
0
415.405731
422.986542
5.000000
5.000000
5.000000
-0.625000
11
0
229.599289
499.893188
7.000000
7.000000
7.000000
-0.875000
13
0
677.899109
627.030884
7.000000
7.000000
7.000000
-0.875000
12
0
691.171021
462.758270
6.000000
6.000000
6.000000
-0.750000
11
0
324.919586
369.525452
5.000000
5.000000
5.000000
-0.625000
11
0
216.019775
254.143494
4.000000
4.000000
4.000000
-0.500000
14
0
404.836578
310.746796
4.000000
4.000000
4.000000
-0.500000
11
0
346.013977
358.934296
5.000000
5.000000
5.000000
-0.625000
12
0
129.840393
589.412537
4.000000
4.000000
4.000000
-0.500000
12
0
416.987823
409.956360
6.000000
6.000000
6.000000
-0.750000
14
0
388.861969
364.032104
5.000000
5.000000
5.000000
-0.625000
13
0
576.580078
214.459671
7.000000
7.000000
7.000000
-0.875000
14
0
510.308533
324.743805
7.000000
7.000000
7.000000
-0.875000
11
0
212.174438
150.737015
7.000000
7.000000
7.000000
-0.875000
14
0
514.878967
254.692825
7.000000
7.000000
7.000000
-0.875000
13
0
428.545807
214.701370
7.000000
7.000000
7.000000
-0.875000
14
0
218.436844
281.632141
5.000000
5.000000
5.000000
-0.625000
14
0
495.828125
596.378052
7.000000
7.000000
7.000000
-0.875000
14
0
224.765167
59.503769
4.000000
4.000000
4.000000
-0.500000
14
0
507.166351
186.465652
4.000000
4.000000
4.000000
-0.500000
13
0
488.423096
200.023193
4.000000
4.000000
4.000000
-0.500000
13
0
166.667679
213.053375
5.000000
5.000000
5.000000
-0.625000
11
0
47.506332
194.134338
7.000000
7.000000
7.000000
-0.875000
14
0
187.168793
47.967773
7.000000
7.000000
7.000000
-0.875000
13
0
86.487015
23.731194
4.000000
4.000000
4.000000
-0.500000
13
0
538.038879
303.473602
4.000000
4.000000
4.000000
-0.500000
11
0
249.067657
423.118378
6.000000
6.000000
6.000000
-0.750000
14
0
582.908386
258.779877
7.000000
7.000000
7.000000
-0.875000
13
0
440.894806
350.562469
4.000000
4.000000
4.000000
-0.500000
12
0
387.675415
416.658234
6.000000
6.000000
6.000000
-0.750000
11
0
202.440262
309.933777
7.000000
7.000000
7.000000
-0.875000
14
0
318.173767
109.910583
7.000000
7.000000
7.000000
-0.875000
11
0
691.874146
2.175359
5.000000
5.000000
5.000000
-0.625000
13
0
367.987305
238.059021
5.000000
5.000000
5.000000
-0.625000
11
0
637.709900
386.972260
6.000000
6.000000
6.000000
-0.750000
13
0
656.343262
333.796814
4.000000
4.000000
4.000000
-0.500000
12
0
661.770691
74.159981
5.000000
5.000000
5.000000
-0.625000
11
0
215.822021
39.573963
7.000000
7.000000
7.000000
-0.875000
13
0
131.883911
445.487213
7.000000
7.000000
7.000000
-0.875000
14
0
550.321960
674.251526
5.000000
5.000000
5.000000
-0.625000
14
0
224.875031
65.985901
5.000000
5.000000
5.000000
-0.625000
11
0
282.620941
409.472931
4.000000
4.000000
4.000000
-0.500000
13
0
239.135712
705.695374
5.000000
5.000000
5.000000
-0.625000
14
0
332.478394
336.477539
5.000000
5.000000
5.000000
-0.625000
12
0
117.623215
491.059906
5.000000
5.000000
5.000000
-0.625000
12
0
184.268326
542.433533
4.000000
4.000000
4.000000
-0.500000
13
0
540.565796
106.636559
4.000000
4.000000
4.000000
-0.500000
12
0
364.845123
597.125183
5.000000
5.000000
5.000000
-0.625000
12
0
588.379761
446.651825
7.000000
7.000000
7.000000
-0.875000
13
0
331.291840
129.510788
7.000000
7.000000
7.000000
-0.875000
13
0
174.336380
356.385376
5.000000
5.000000
5.000000
-0.625000
11
0
408.857697
214.239929
4.000000
4.000000
4.000000
-0.500000
12
0
47.550278
223.974121
7.000000
7.000000
7.000000
-0.875000
14
0
578.667542
528.238770
7.000000
7.000000
7.000000
-0.875000
14
0
85.652031
621.823181
5.000000
5.000000
5.000000
-0.625000
13
0
435.555298
197.254547
5.000000
5.000000
5.000000
-0.625000
11
0
197.672043
318.151794
7.000000
7.000000
7.000000
-0.875000
13
0
315.910522
172.490616
5.000000
5.000000
5.000000
-0.625000
11
0
236.762604
138.717606
5.000000
5.000000
5.000000
-0.625000
11
0
715.495483
657.068420
5.000000
5.000000
5.000000
-0.625000
11
0
363.175140
438.214050
4.000000
4.000000
4.000000
-0.500000
13
0
717.143494
62.580036
6.000000
6.000000
6.000000
-0.750000
14
0
416.899933
101.846367
7.000000
7.000000
7.000000
-0.875000
14
0
468.713043
535.863525
7.000000
7.000000
7.000000
-0.875000
14
0
460.604889
677.064148
6.000000
6.000000
6.000000
-0.750000
13
0
510.879852
615.231201
7.000000
7.000000
7.000000
-0.875000
11
0
332.368530
514.835022
6.000000
6.000000
6.000000
-0.750000
14
0
114.854576
217.338181
6.000000
6.000000
6.000000
-0.750000
11
0
368.514679
521.514954
7.000000
7.000000
7.000000
-0.875000
13
0
390.312195
673.548401
4.000000
4.000000
4.000000
-0.500000
12
0
416.482422
640.170898
4.000000
4.000000
4.000000
-0.500000
13
0
643.093384
536.588623
7.000000
7.000000
7.000000
-0.875000
12
0
17.490768
22.302927
7.000000
7.000000
7.000000
-0.875000
11
0
223.073212
117.051910
4.000000
4.000000
4.000000
-0.500000
13
0
479.589844
169.304489
7.000000
7.000000
7.000000
-0.875000
12
0
102.022156
350.057068
5.000000
5.000000
5.000000
-0.625000
11
0
200.177002
244.101685
4.000000
4.000000
4.000000
-0.500000
14
0
581.370300
311.669678
6.000000
6.000000
6.000000
-0.750000
12
0
519.097900
392.619415
6.000000
6.000000
6.000000
-0.750000
12
0
169.919739
585.633118
7.000000
7.000000
7.000000
-0.875000
11
0
501.211578
115.425888
6.000000
6.000000
6.000000
-0.750000
13
0
671.922363
239.772949
4.000000
4.000000
4.000000
-0.500000
13
0
89.387497
329.314240
4.000000
4.000000
4.000000
-0.500000
14
0
484.511841
372.623688
5.000000
5.000000
5.000000
-0.625000
11
0
107.251808
478.754852
7.000000
7.000000
7.000000
-0.875000
13
0
585.940735
550.058289
6.000000
6.000000
6.000000
-0.750000
14
0
551.969971
57.570118
4.000000
4.000000
4.000000
-0.500000
14
0
173.039948
371.722778
5.000000
5.000000
5.000000
-0.625000
14
0
57.042755
220.436417
4.000000
4.000000
4.000000
-0.500000
13
0
669.263611
407.693115
7.000000
7.000000
7.000000
-0.875000
11
0
125.247963
444.454468
5.000000
5.000000
5.000000
-0.625000
14
0
102.307808
345.003204
7.000000
7.000000
7.000000
-0.875000
14
0
451.332123
320.744659
5.000000
5.000000
5.000000
-0.625000
12
0
172.161011
104.219490
7.000000
7.000000
7.000000
-0.875000
11
0
454.803925
715.934937
7.000000
7.000000
7.000000
-0.875000
11
0
88.662376
325.996277
4.000000
4.000000
4.000000
-0.500000
13
0
542.872986
703.827637
4.000000
4.000000
4.000000
-0.500000
14
0
219.513535
67.633904
6.000000
6.000000
6.000000
-0.750000
11
0
223.117157
346.870941
7.000000
7.000000
7.000000
-0.875000
13
0
427.974487
349.639587
6.000000
6.000000
6.000000
-0.750000
14
0
266.448547
687.787109
5.000000
5.000000
5.000000
-0.625000
12
0
300.683014
592.291016
6.000000
6.000000
6.000000
-0.750000
13
0
279.808350
231.071503
6.000000
6.000000
6.000000
-0.750000
14
0
545.597717
182.202820
5.000000
5.000000
5.000000
-0.625000
12
0
328.962677
154.604324
6.000000
6.000000
6.000000
-0.750000
12
0
519.603271
128.917511
4.000000
4.000000
4.000000
-0.500000
13
0
131.444443
251.199066
5.000000
5.000000
5.000000
-0.625000
11
0
526.480896
491.455414
6.000000
6.000000
6.000000
-0.750000
11
0
139.244965
0.153813
7.000000
7.000000
7.000000
-0.875000
13
0
244.672989
54.757530
5.000000
5.000000
5.000000
-0.625000
13
0
191.673325
448.849152
5.000000
5.000000
5.000000
-0.625000
13
0
485.083160
416.504395
6.000000
6.000000
6.000000
-0.750000
11
0
58.185368
424.260986
6.000000
6.000000
6.000000
-0.750000
11
0
358.890350
83.366798
5.000000
5.000000
5.000000
-0.625000
14
0
431.182587
34.542068
7.000000
7.000000
7.000000
-0.875000
13
0
655.398438
177.874084
7.000000
7.000000
7.000000
-0.875000
11
0
48.758812
660.628052
4.000000
4.000000
4.000000
-0.500000
12
0
469.745789
154.758148
7.000000
7.000000
7.000000
-0.875000
12
0
467.658325
717.692810
5.000000
5.000000
5.000000
-0.625000
11
0
40.892361
87.563705
6.000000
6.000000
6.000000
-0.750000
14
0
485.918152
146.803802
5.000000
5.000000
5.000000
-0.625000
14
0
439.290741
165.305344
6.000000
6.000000
6.000000
-0.750000
12
0
375.809814
676.558716
6.000000
6.000000
6.000000
-0.750000
13
0
104.680931
278.907440
6.000000
6.000000
6.000000
-0.750000
11
0
86.596878
414.394958
7.000000
7.000000
7.000000
-0.875000
11
0
474.052551
417.822815
4.000000
4.000000
4.000000
-0.500000
12
0
57.394329
48.407238
4.000000
4.000000
4.000000
-0.500000
12
0
539.313354
436.631989
6.000000
6.000000
6.000000
-0.750000
13
0
319.887695
498.772552
6.000000
6.000000
6.000000
-0.750000
11
0
495.168915
631.535400
6.000000
6.000000
6.000000
-0.750000
13
0
51.241798
659.375610
5.000000
5.000000
5.000000
-0.625000
13
0
76.906647
246.936249
6.000000
6.000000
6.000000
-0.750000
11
0
456.847443
269.261139
4.000000
4.000000
4.000000
-0.500000
12
0
228.236938
392.026123
5.000000
5.000000
5.000000
-0.625000
11
0
183.147675
714.440735
5.000000
5.000000
5.000000
-0.625000
12
0
179.104584
567.373291
4.000000
4.000000
4.000000
-0.500000
13
0
540.521851
159.130829
6.000000
6.000000
6.000000
-0.750000
14
0
384.000000
-384.000000
2.000000
2.000000
0.000000
0.000000
1000
0
168.089996
356.130005
12.900000
21.000000
13.200000
0.350000
2003
335
145.100006
358.820007
4.000000
9.790000
2.000000
0.040000
2004
270
162.940002
331.079987
5.790000
2.600000
1.800000
0.330000
2005
190
501.517883
207.202850
502.319763
186.164612
1
0
490.167053
419.669434
491.012299
420.488159
12
0
78.453438
499.881500
437.063385
173.676437
1
0
407.633179
503.871552
408.544952
504.635773
2
0
253.169693
226.252914
583.447510
226.785248
1
0
295.033295
414.138214
653.540222
414.834442
1
0
92.673485
179.604034
734.032166
531.269653
1
0
580.472168
434.140320
581.222351
435.019867
0
0
412.288483
492.194611
629.040710
701.154236
1
0
168.652390
481.338287
167.909180
732.079468
1
0
128.828247
432.112122
555.133423
61.033112
1
0
670.641602
570.446716
736.507080
571.277222
1
0
272.429749
292.065948
271.924316
292.745514
2
0
69.291290
663.556458
520.007568
664.325439
1
0
516.435242
526.063782
621.956482
526.660339
1
0
459.900726
116.748161
400.802277
656.378418
1
0
605.178284
719.498962
685.691589
733.509949
1
0
264.966431
220.871017
378.073792
243.451279
1
0
585.043457
323.029297
585.604553
322.217590
12
0
200.885269
542.877991
200.060547
601.316956
1
0
