data/images/sand4.bmp
data/images/terrain1.bmp
2
data/模型/士兵0/
data/mdl模型/qian2.mdl
696.000000
-576.200012
127.199860
0.000000
504
537.335754
298.969086
4.000000
4.000000
4.000000
-0.500000
13
0
695.829346
404.946442
5.000000
5.000000
5.000000
-0.625000
13
0
302.045349
674.163635
7.000000
7.000000
7.000000
-0.875000
13
0
696.752197
447.047333
7.000000
7.000000
7.000000
-0.875000
14
0
29.861752
451.969360
5.000000
5.000000
5.000000
-0.625000
12
0
551.135010
103.977783
6.000000
6.000000
6.000000
-0.750000
11
0
455.375214
97.935120
5.000000
5.000000
5.000000
-0.625000
11
0
456.034424
418.811615
4.000000
4.000000
4.000000
-0.500000
11
0
178.423416
91.365089
4.000000
4.000000
4.000000
-0.500000
12
0
145.880920
312.175049
7.000000
7.000000
7.000000
-0.875000
13
0
290.926849
5.691092
4.000000
4.000000
4.000000
-0.500000
14
0
684.183472
567.856689
4.000000
4.000000
4.000000
-0.500000
14
0
453.287750
198.770721
7.000000
7.000000
7.000000
-0.875000
13
0
584.842041
347.859741
4.000000
4.000000
4.000000
-0.500000
14
0
100.989410
353.177277
6.000000
6.000000
6.000000
-0.750000
11
0
664.055908
637.929626
7.000000
7.000000
7.000000
-0.875000
14
0
461.176178
626.547424
6.000000
6.000000
6.000000
-0.750000
13
0
341.597351
222.677689
4.000000
4.000000
4.000000
-0.500000
13
0
179.192474
371.854614
6.000000
6.000000
6.000000
-0.750000
12
0
512.527832
31.026337
6.000000
6.000000
6.000000
-0.750000
14
0
395.190277
187.784058
7.000000
7.000000
7.000000
-0.875000
12
0
28.675192
11.492050
6.000000
6.000000
6.000000
-0.750000
12
0
550.629578
99.011810
6.000000
6.000000
6.000000
-0.750000
12
0
190.310989
57.460251
7.000000
7.000000
7.000000
-0.875000
14
0
44.847561
346.497375
6.000000
6.000000
6.000000
-0.750000
11
0
687.567383
662.539734
4.000000
4.000000
4.000000
-0.500000
11
0
701.762146
467.768188
4.000000
4.000000
4.000000
-0.500000
13
0
672.076172
425.821106
5.000000
5.000000
5.000000
-0.625000
11
0
686.139099
267.327484
5.000000
5.000000
5.000000
-0.625000
12
0
638.566833
487.258514
7.000000
7.000000
7.000000
-0.875000
12
0
30.433058
516.922485
7.000000
7.000000
7.000000
-0.875000
12
0
76.313362
52.911770
7.000000
7.000000
7.000000
-0.875000
11
0
491.323578
505.804016
4.000000
4.000000
4.000000
-0.500000
11
0
250.913422
290.399475
7.000000
7.000000
7.000000
-0.875000
12
0
456.034424
361.109650
6.000000
6.000000
6.000000
-0.750000
14
0
595.565063
33.926815
5.000000
5.000000
5.000000
-0.625000
13
0
19.160742
218.173157
5.000000
5.000000
5.000000
-0.625000
14
0
232.807404
579.985962
6.000000
6.000000
6.000000
-0.750000
12
0
389.169586
560.781250
4.000000
4.000000
4.000000
-0.500000
12
0
306.088440
132.279434
5.000000
5.000000
5.000000
-0.625000
12
0
504.859161
131.488388
4.000000
4.000000
4.000000
-0.500000
13
0
641.291565
217.338181
5.000000
5.000000
5.000000
-0.625000
12
0
221.996521
52.076786
4.000000
4.000000
4.000000
-0.500000
14
0
98.220772
309.648132
7.000000
7.000000
7.000000
-0.875000
12
0
709.914246
473.635071
7.000000
7.000000
7.000000
-0.875000
14
0
612.330688
107.054047
5.000000
5.000000
5.000000
-0.625000
14
0
617.999817
557.023865
5.000000
5.000000
5.000000
-0.625000
11
0
526.129333
96.023438
4.000000
4.000000
4.000000
-0.500000
14
0
252.297745
343.157440
7.000000
7.000000
7.000000
-0.875000
13
0
250.803558
407.011932
6.000000
6.000000
6.000000
-0.750000
11
0
82.070374
193.321335
6.000000
6.000000
6.000000
-0.750000
11
0
97.847221
119.666740
5.000000
5.000000
5.000000
-0.625000
12
0
56.383556
679.503174
4.000000
4.000000
4.000000
-0.500000
12
0
360.516388
618.351379
7.000000
7.000000
7.000000
-0.875000
11
0
450.607025
44.561905
6.000000
6.000000
6.000000
-0.750000
11
0
45.396893
37.134922
4.000000
4.000000
4.000000
-0.500000
13
0
642.983459
32.806175
7.000000
7.000000
7.000000
-0.875000
11
0
14.106875
395.497894
7.000000
7.000000
7.000000
-0.875000
12
0
141.244537
650.080872
4.000000
4.000000
4.000000
-0.500000
11
0
454.672089
63.261208
4.000000
4.000000
4.000000
-0.500000
12
0
419.185150
414.087341
6.000000
6.000000
6.000000
-0.750000
11
0
603.211792
356.187622
4.000000
4.000000
4.000000
-0.500000
11
0
363.153168
654.893005
7.000000
7.000000
7.000000
-0.875000
14
0
715.473511
341.135895
4.000000
4.000000
4.000000
-0.500000
13
0
448.673370
185.015411
5.000000
5.000000
5.000000
-0.625000
14
0
528.326660
11.404157
6.000000
6.000000
6.000000
-0.750000
12
0
526.898376
499.937134
6.000000
6.000000
6.000000
-0.750000
11
0
691.456665
312.131104
5.000000
5.000000
5.000000
-0.625000
13
0
581.370300
628.195435
6.000000
6.000000
6.000000
-0.750000
13
0
688.841797
15.447248
4.000000
4.000000
4.000000
-0.500000
13
0
134.388870
351.858887
4.000000
4.000000
4.000000
-0.500000
13
0
450.277405
245.969421
6.000000
6.000000
6.000000
-0.750000
14
0
623.712891
276.841949
6.000000
6.000000
6.000000
-0.750000
12
0
613.055847
95.891602
5.000000
5.000000
5.000000
-0.625000
11
0
669.021912
193.123566
4.000000
4.000000
4.000000
-0.500000
11
0
713.451965
610.550842
6.000000
6.000000
6.000000
-0.750000
11
0
68.490860
45.089268
5.000000
5.000000
5.000000
-0.625000
12
0
348.233276
583.545654
7.000000
7.000000
7.000000
-0.875000
11
0
285.477448
631.952881
6.000000
6.000000
6.000000
-0.750000
12
0
426.370422
2.131413
5.000000
5.000000
5.000000
-0.625000
11
0
704.926270
437.818542
4.000000
4.000000
4.000000
-0.500000
11
0
190.464798
342.542206
6.000000
6.000000
6.000000
-0.750000
13
0
19.973755
112.305672
6.000000
6.000000
6.000000
-0.750000
11
0
88.376717
275.237885
5.000000
5.000000
5.000000
-0.625000
14
0
588.643433
200.638443
5.000000
5.000000
5.000000
-0.625000
13
0
414.790497
460.275269
5.000000
5.000000
5.000000
-0.625000
11
0
640.126953
44.012573
7.000000
7.000000
7.000000
-0.875000
11
0
42.716148
152.626724
5.000000
5.000000
5.000000
-0.625000
13
0
251.616562
9.975890
5.000000
5.000000
5.000000
-0.625000
12
0
285.147858
17.446821
7.000000
7.000000
7.000000
-0.875000
14
0
214.811249
572.668823
4.000000
4.000000
4.000000
-0.500000
11
0
206.527298
355.418549
4.000000
4.000000
4.000000
-0.500000
14
0
272.337402
403.100677
4.000000
4.000000
4.000000
-0.500000
12
0
664.407471
498.047424
6.000000
6.000000
6.000000
-0.750000
14
0
324.480103
669.571228
4.000000
4.000000
4.000000
-0.500000
13
0
520.877686
92.947174
7.000000
7.000000
7.000000
-0.875000
13
0
285.609314
427.930542
7.000000
7.000000
7.000000
-0.875000
14
0
144.276871
119.271217
7.000000
7.000000
7.000000
-0.875000
14
0
30.894497
381.874451
7.000000
7.000000
7.000000
-0.875000
14
0
680.689697
32.850124
5.000000
5.000000
5.000000
-0.625000
14
0
152.692642
613.275574
4.000000
4.000000
4.000000
-0.500000
12
0
535.446045
401.694397
6.000000
6.000000
6.000000
-0.750000
12
0
647.268311
202.484207
6.000000
6.000000
6.000000
-0.750000
12
0
584.798096
231.071503
5.000000
5.000000
5.000000
-0.625000
12
0
411.230804
178.665115
4.000000
4.000000
4.000000
-0.500000
11
0
117.425461
499.102142
5.000000
5.000000
5.000000
-0.625000
12
0
428.194214
440.103760
5.000000
5.000000
5.000000
-0.625000
14
0
66.007874
221.798767
7.000000
7.000000
7.000000
-0.875000
12
0
565.285828
4.460585
7.000000
7.000000
7.000000
-0.875000
11
0
568.779541
168.579361
5.000000
5.000000
5.000000
-0.625000
13
0
59.679554
589.214783
7.000000
7.000000
7.000000
-0.875000
14
0
60.997955
547.509399
4.000000
4.000000
4.000000
-0.500000
13
0
255.286118
561.770081
7.000000
7.000000
7.000000
-0.875000
13
0
216.788849
580.535278
7.000000
7.000000
7.000000
-0.875000
13
0
229.137848
140.014038
4.000000
4.000000
4.000000
-0.500000
13
0
180.357071
688.951660
6.000000
6.000000
6.000000
-0.750000
14
0
428.128296
562.495178
4.000000
4.000000
4.000000
-0.500000
11
0
247.793213
88.574478
4.000000
4.000000
4.000000
-0.500000
13
0
635.424683
108.636131
4.000000
4.000000
4.000000
-0.500000
12
0
598.531433
595.191528
4.000000
4.000000
4.000000
-0.500000
11
0
187.080902
649.289856
7.000000
7.000000
7.000000
-0.875000
13
0
116.942047
79.675285
4.000000
4.000000
4.000000
-0.500000
13
0
438.697479
246.826385
6.000000
6.000000
6.000000
-0.750000
12
0
343.926514
53.548996
5.000000
5.000000
5.000000
-0.625000
13
0
121.820122
605.628845
7.000000
7.000000
7.000000
-0.875000
13
0
158.361771
24.060793
5.000000
5.000000
5.000000
-0.625000
11
0
150.627151
572.229370
6.000000
6.000000
6.000000
-0.750000
13
0
628.832642
219.645370
6.000000
6.000000
6.000000
-0.750000
13
0
598.443542
165.744797
6.000000
6.000000
6.000000
-0.750000
11
0
595.037720
445.201569
4.000000
4.000000
4.000000
-0.500000
12
0
644.279907
18.171942
5.000000
5.000000
5.000000
-0.625000
14
0
259.461029
107.361671
6.000000
6.000000
6.000000
-0.750000
12
0
49.418011
544.674805
7.000000
7.000000
7.000000
-0.875000
13
0
548.893677
129.884338
5.000000
5.000000
5.000000
-0.625000
12
0
4.043092
123.863640
4.000000
4.000000
4.000000
-0.500000
11
0
405.935242
278.885468
4.000000
4.000000
4.000000
-0.500000
12
0
463.681152
208.219238
7.000000
7.000000
7.000000
-0.875000
11
0
650.718079
538.192688
7.000000
7.000000
7.000000
-0.875000
13
0
455.836670
84.245735
4.000000
4.000000
4.000000
-0.500000
13
0
12.239143
54.625690
4.000000
4.000000
4.000000
-0.500000
13
0
636.523315
2.944426
6.000000
6.000000
6.000000
-0.750000
11
0
610.221252
133.400070
5.000000
5.000000
5.000000
-0.625000
12
0
176.841339
440.037842
5.000000
5.000000
5.000000
-0.625000
12
0
566.340515
483.347260
4.000000
4.000000
4.000000
-0.500000
12
0
219.623398
366.273376
6.000000
6.000000
6.000000
-0.750000
13
0
386.049377
232.214111
5.000000
5.000000
5.000000
-0.625000
14
0
225.797913
287.740723
6.000000
6.000000
6.000000
-0.750000
11
0
70.028992
112.041992
7.000000
7.000000
7.000000
-0.875000
14
0
171.128265
696.290771
7.000000
7.000000
7.000000
-0.875000
14
0
635.754272
54.493851
7.000000
7.000000
7.000000
-0.875000
11
0
672.735352
249.638962
7.000000
7.000000
7.000000
-0.875000
14
0
689.061584
116.041138
4.000000
4.000000
4.000000
-0.500000
13
0
325.578796
161.899475
7.000000
7.000000
7.000000
-0.875000
12
0
285.719177
413.450104
6.000000
6.000000
6.000000
-0.750000
13
0
329.138458
403.803833
5.000000
5.000000
5.000000
-0.625000
13
0
563.066528
68.908356
4.000000
4.000000
4.000000
-0.500000
12
0
563.879517
672.911133
6.000000
6.000000
6.000000
-0.750000
12
0
581.348328
205.516525
5.000000
5.000000
5.000000
-0.625000
13
0
77.873466
374.073914
5.000000
5.000000
5.000000
-0.625000
11
0
15.557116
192.486343
6.000000
6.000000
6.000000
-0.750000
14
0
543.378418
489.719543
6.000000
6.000000
6.000000
-0.750000
13
0
496.860870
100.462051
6.000000
6.000000
6.000000
-0.750000
11
0
443.267914
140.101929
4.000000
4.000000
4.000000
-0.500000
11
0
564.077271
6.899625
5.000000
5.000000
5.000000
-0.625000
11
0
147.792603
73.654594
4.000000
4.000000
4.000000
-0.500000
11
0
65.414597
471.327850
6.000000
6.000000
6.000000
-0.750000
13
0
600.992432
127.291481
7.000000
7.000000
7.000000
-0.875000
12
0
329.907532
580.623169
5.000000
5.000000
5.000000
-0.625000
13
0
657.310120
16.743675
7.000000
7.000000
7.000000
-0.875000
13
0
109.075592
44.386120
5.000000
5.000000
5.000000
-0.625000
12
0
268.140503
576.843750
7.000000
7.000000
7.000000
-0.875000
13
0
248.364517
300.309448
7.000000
7.000000
7.000000
-0.875000
11
0
158.449661
411.846069
7.000000
7.000000
7.000000
-0.875000
12
0
528.810059
309.296539
6.000000
6.000000
6.000000
-0.750000
12
0
153.241974
195.716415
5.000000
5.000000
5.000000
-0.625000
12
0
198.572952
0.944853
4.000000
4.000000
4.000000
-0.500000
12
0
474.206360
222.545853
7.000000
7.000000
7.000000
-0.875000
13
0
34.476151
568.867432
4.000000
4.000000
4.000000
-0.500000
11
0
246.211121
566.692078
6.000000
6.000000
6.000000
-0.750000
14
0
173.633224
175.830566
6.000000
6.000000
6.000000
-0.750000
12
0
413.933533
253.242584
4.000000
4.000000
4.000000
-0.500000
14
0
194.903412
189.278244
4.000000
4.000000
4.000000
-0.500000
14
0
268.338257
478.293396
7.000000
7.000000
7.000000
-0.875000
13
0
10.547197
346.475403
5.000000
5.000000
5.000000
-0.625000
12
0
543.400391
359.154022
4.000000
4.000000
4.000000
-0.500000
12
0
127.752922
129.950256
5.000000
5.000000
5.000000
-0.625000
14
0
122.391434
334.807587
5.000000
5.000000
5.000000
-0.625000
12
0
560.209961
592.730469
7.000000
7.000000
7.000000
-0.875000
13
0
34.761803
256.187012
7.000000
7.000000
7.000000
-0.875000
11
0
549.618835
153.637497
6.000000
6.000000
6.000000
-0.750000
11
0
342.476257
86.399124
5.000000
5.000000
5.000000
-0.625000
13
0
537.379700
202.681961
7.000000
7.000000
7.000000
-0.875000
13
0
716.682007
331.116058
7.000000
7.000000
7.000000
-0.875000
13
0
625.998108
356.297485
5.000000
5.000000
5.000000
-0.625000
11
0
384.159668
38.892788
4.000000
4.000000
4.000000
-0.500000
13
0
570.779114
642.741760
4.000000
4.000000
4.000000
-0.500000
11
0
324.062622
291.454193
5.000000
5.000000
5.000000
-0.625000
13
0
581.282410
537.247864
7.000000
7.000000
7.000000
-0.875000
11
0
514.351624
223.996094
7.000000
7.000000
7.000000
-0.875000
13
0
52.999664
607.562500
6.000000
6.000000
6.000000
-0.750000
14
0
148.341934
695.521729
5.000000
5.000000
5.000000
-0.625000
11
0
708.837524
289.015167
5.000000
5.000000
5.000000
-0.625000
11
0
101.406906
489.126251
7.000000
7.000000
7.000000
-0.875000
14
0
470.602753
430.083923
7.000000
7.000000
7.000000
-0.875000
11
0
447.354950
162.338943
4.000000
4.000000
4.000000
-0.500000
14
0
380.797760
527.469727
7.000000
7.000000
7.000000
-0.875000
13
0
225.116730
587.500854
5.000000
5.000000
5.000000
-0.625000
13
0
93.979919
11.557970
6.000000
6.000000
6.000000
-0.750000
13
0
175.259262
501.870789
4.000000
4.000000
4.000000
-0.500000
11
0
658.386780
701.718201
7.000000
7.000000
7.000000
-0.875000
14
0
526.634705
268.140503
6.000000
6.000000
6.000000
-0.750000
11
0
187.454453
351.507294
6.000000
6.000000
6.000000
-0.750000
14
0
312.724396
324.677887
6.000000
6.000000
6.000000
-0.750000
12
0
421.558289
324.150513
6.000000
6.000000
6.000000
-0.750000
11
0
378.490540
85.827812
7.000000
7.000000
7.000000
-0.875000
13
0
419.295013
37.706230
7.000000
7.000000
7.000000
-0.875000
12
0
716.747925
172.226929
6.000000
6.000000
6.000000
-0.750000
13
0
419.295013
500.486450
5.000000
5.000000
5.000000
-0.625000
12
0
54.713585
51.131931
6.000000
6.000000
6.000000
-0.750000
11
0
31.597645
376.271240
7.000000
7.000000
7.000000
-0.875000
11
0
570.757141
446.739716
5.000000
5.000000
5.000000
-0.625000
11
0
119.403061
419.690552
4.000000
4.000000
4.000000
-0.500000
11
0
460.692780
440.433350
6.000000
6.000000
6.000000
-0.750000
12
0
450.453186
441.510040
5.000000
5.000000
5.000000
-0.625000
12
0
274.556732
61.173740
5.000000
5.000000
5.000000
-0.625000
13
0
318.679169
323.974731
6.000000
6.000000
6.000000
-0.750000
12
0
703.168457
445.816833
5.000000
5.000000
5.000000
-0.625000
12
0
695.785400
46.078068
4.000000
4.000000
4.000000
-0.500000
13
0
454.474304
129.313034
7.000000
7.000000
7.000000
-0.875000
13
0
712.748779
158.889130
6.000000
6.000000
6.000000
-0.750000
14
0
700.355835
425.205841
4.000000
4.000000
4.000000
-0.500000
12
0
711.452393
550.915222
5.000000
5.000000
5.000000
-0.625000
13
0
253.066803
455.748779
7.000000
7.000000
7.000000
-0.875000
14
0
346.189758
383.280731
5.000000
5.000000
5.000000
-0.625000
12
0
191.849121
552.321533
4.000000
4.000000
4.000000
-0.500000
12
0
375.238495
635.204956
7.000000
7.000000
7.000000
-0.875000
11
0
659.463501
345.750305
6.000000
6.000000
6.000000
-0.750000
13
0
222.457962
619.208374
6.000000
6.000000
6.000000
-0.750000
11
0
628.722778
186.597488
7.000000
7.000000
7.000000
-0.875000
11
0
668.802124
706.442444
5.000000
5.000000
5.000000
-0.625000
11
0
639.094238
135.465561
7.000000
7.000000
7.000000
-0.875000
13
0
153.923157
462.011169
4.000000
4.000000
4.000000
-0.500000
14
0
583.303955
123.314308
4.000000
4.000000
4.000000
-0.500000
12
0
527.733398
110.350044
7.000000
7.000000
7.000000
-0.875000
14
0
463.812988
561.814026
4.000000
4.000000
4.000000
-0.500000
14
0
651.904663
290.399475
5.000000
5.000000
5.000000
-0.625000
12
0
519.427490
523.536499
5.000000
5.000000
5.000000
-0.625000
14
0
171.501816
101.011383
6.000000
6.000000
6.000000
-0.750000
13
0
1.889706
692.445435
4.000000
4.000000
4.000000
-0.500000
11
0
496.553253
636.303589
6.000000
6.000000
6.000000
-0.750000
11
0
362.362122
284.027222
7.000000
7.000000
7.000000
-0.875000
12
0
113.514206
330.786469
4.000000
4.000000
4.000000
-0.500000
14
0
608.045898
175.786621
4.000000
4.000000
4.000000
-0.500000
13
0
66.974701
114.898529
7.000000
7.000000
7.000000
-0.875000
11
0
668.736206
7.405011
4.000000
4.000000
4.000000
-0.500000
12
0
171.062347
380.204468
5.000000
5.000000
5.000000
-0.625000
13
0
533.336609
51.131931
4.000000
4.000000
4.000000
-0.500000
14
0
351.177704
554.738586
7.000000
7.000000
7.000000
-0.875000
11
0
196.529434
652.102417
7.000000
7.000000
7.000000
-0.875000
12
0
635.358765
568.230225
6.000000
6.000000
6.000000
-0.750000
11
0
415.273895
678.536316
6.000000
6.000000
6.000000
-0.750000
14
0
516.043579
607.562500
5.000000
5.000000
5.000000
-0.625000
14
0
675.284302
22.193060
6.000000
6.000000
6.000000
-0.750000
11
0
561.506409
601.981262
4.000000
4.000000
4.000000
-0.500000
13
0
127.708977
388.708160
6.000000
6.000000
6.000000
-0.750000
14
0
517.427917
158.427689
7.000000
7.000000
7.000000
-0.875000
13
0
55.746330
57.679981
7.000000
7.000000
7.000000
-0.875000
11
0
378.490540
386.906342
5.000000
5.000000
5.000000
-0.625000
12
0
671.021484
613.297546
6.000000
6.000000
6.000000
-0.750000
13
0
109.998474
415.713379
5.000000
5.000000
5.000000
-0.625000
11
0
160.251465
444.300659
5.000000
5.000000
5.000000
-0.625000
13
0
179.280380
116.766258
5.000000
5.000000
5.000000
-0.625000
14
0
301.869568
214.613480
6.000000
6.000000
6.000000
-0.750000
13
0
17.402874
401.013214
6.000000
6.000000
6.000000
-0.750000
11
0
652.453979
143.507797
6.000000
6.000000
6.000000
-0.750000
11
0
170.688797
363.592651
5.000000
5.000000
5.000000
-0.625000
14
0
23.379620
615.890381
4.000000
4.000000
4.000000
-0.500000
13
0
222.216248
639.270020
5.000000
5.000000
5.000000
-0.625000
14
0
207.384262
362.625824
4.000000
4.000000
4.000000
-0.500000
12
0
403.452240
7.624744
6.000000
6.000000
6.000000
-0.750000
11
0
435.093842
130.961029
4.000000
4.000000
4.000000
-0.500000
13
0
415.823242
368.602570
4.000000
4.000000
4.000000
-0.500000
11
0
561.572327
324.721832
6.000000
6.000000
6.000000
-0.750000
14
0
502.200378
647.510010
6.000000
6.000000
6.000000
-0.750000
14
0
22.918180
534.611023
4.000000
4.000000
4.000000
-0.500000
11
0
448.563507
510.550262
4.000000
4.000000
4.000000
-0.500000
13
0
482.863861
238.630325
7.000000
7.000000
7.000000
-0.875000
14
0
115.469833
210.043030
5.000000
5.000000
5.000000
-0.625000
14
0
649.223938
672.295898
4.000000
4.000000
4.000000
-0.500000
12
0
59.701530
159.790039
5.000000
5.000000
5.000000
-0.625000
14
0
540.565796
668.999878
6.000000
6.000000
6.000000
-0.750000
13
0
85.761894
240.388199
4.000000
4.000000
4.000000
-0.500000
14
0
82.685631
150.275589
6.000000
6.000000
6.000000
-0.750000
12
0
47.418438
274.424866
5.000000
5.000000
5.000000
-0.625000
14
0
675.350220
466.230042
6.000000
6.000000
6.000000
-0.750000
12
0
19.380474
231.950439
5.000000
5.000000
5.000000
-0.625000
13
0
368.536652
145.639206
6.000000
6.000000
6.000000
-0.750000
12
0
558.781677
165.722824
5.000000
5.000000
5.000000
-0.625000
12
0
649.355774
456.495850
6.000000
6.000000
6.000000
-0.750000
11
0
176.643570
596.465942
7.000000
7.000000
7.000000
-0.875000
14
0
358.297058
616.197998
6.000000
6.000000
6.000000
-0.750000
13
0
99.692986
468.273560
6.000000
6.000000
6.000000
-0.750000
11
0
496.047852
651.838745
4.000000
4.000000
4.000000
-0.500000
13
0
481.699280
593.895081
5.000000
5.000000
5.000000
-0.625000
14
0
479.897461
390.553925
7.000000
7.000000
7.000000
-0.875000
14
0
305.099640
349.969177
5.000000
5.000000
5.000000
-0.625000
12
0
250.364090
339.927368
6.000000
6.000000
6.000000
-0.750000
14
0
252.605362
582.490906
4.000000
4.000000
4.000000
-0.500000
12
0
307.736450
138.146301
4.000000
4.000000
4.000000
-0.500000
13
0
628.744751
481.962952
6.000000
6.000000
6.000000
-0.750000
14
0
398.640106
334.368103
7.000000
7.000000
7.000000
-0.875000
11
0
91.365089
668.824097
7.000000
7.000000
7.000000
-0.875000
11
0
452.606598
299.100922
5.000000
5.000000
5.000000
-0.625000
13
0
233.312790
248.672134
7.000000
7.000000
7.000000
-0.875000
12
0
168.579361
184.444107
6.000000
6.000000
6.000000
-0.750000
12
0
173.874939
77.697685
5.000000
5.000000
5.000000
-0.625000
14
0
131.642197
454.430359
5.000000
5.000000
5.000000
-0.625000
11
0
600.443115
717.868591
5.000000
5.000000
5.000000
-0.625000
12
0
139.332870
425.293732
7.000000
7.000000
7.000000
-0.875000
12
0
699.960327
122.237617
6.000000
6.000000
6.000000
-0.750000
12
0
498.464905
135.839111
5.000000
5.000000
5.000000
-0.625000
11
0
220.568253
410.461731
4.000000
4.000000
4.000000
-0.500000
14
0
531.446899
507.759644
6.000000
6.000000
6.000000
-0.750000
11
0
183.235565
693.851746
7.000000
7.000000
7.000000
-0.875000
14
0
53.021637
355.858032
7.000000
7.000000
7.000000
-0.875000
14
0
83.147072
430.787079
7.000000
7.000000
7.000000
-0.875000
12
0
216.832794
328.501221
6.000000
6.000000
6.000000
-0.750000
13
0
221.403244
352.144531
6.000000
6.000000
6.000000
-0.750000
11
0
131.774048
97.803276
4.000000
4.000000
4.000000
-0.500000
14
0
526.502869
236.389053
5.000000
5.000000
5.000000
-0.625000
11
0
48.846706
319.997559
6.000000
6.000000
6.000000
-0.750000
13
0
185.938293
15.117649
7.000000
7.000000
7.000000
-0.875000
14
0
317.514587
5.735038
4.000000
4.000000
4.000000
-0.500000
11
0
247.793213
608.155762
4.000000
4.000000
4.000000
-0.500000
12
0
432.303223
100.440079
5.000000
5.000000
5.000000
-0.625000
14
0
552.277588
168.996857
7.000000
7.000000
7.000000
-0.875000
14
0
329.424103
314.548187
4.000000
4.000000
4.000000
-0.500000
11
0
353.199249
140.123901
4.000000
4.000000
4.000000
-0.500000
11
0
333.291412
3.845332
7.000000
7.000000
7.000000
-0.875000
14
0
469.723816
238.300735
7.000000
7.000000
7.000000
-0.875000
11
0
473.129669
219.843140
6.000000
6.000000
6.000000
-0.750000
14
0
487.741943
369.789124
4.000000
4.000000
4.000000
-0.500000
14
0
609.430237
450.013733
4.000000
4.000000
4.000000
-0.500000
11
0
371.525024
115.799431
5.000000
5.000000
5.000000
-0.625000
11
0
650.652161
128.104492
7.000000
7.000000
7.000000
-0.875000
14
0
5.317545
107.779167
7.000000
7.000000
7.000000
-0.875000
14
0
139.662460
594.510315
7.000000
7.000000
7.000000
-0.875000
12
0
264.822540
252.605362
5.000000
5.000000
5.000000
-0.625000
12
0
90.420242
306.505920
7.000000
7.000000
7.000000
-0.875000
11
0
578.843323
568.098389
7.000000
7.000000
7.000000
-0.875000
11
0
594.422424
578.667542
7.000000
7.000000
7.000000
-0.875000
11
0
180.686661
308.066040
4.000000
4.000000
4.000000
-0.500000
12
0
677.327820
253.066803
7.000000
7.000000
7.000000
-0.875000
11
0
169.985657
417.932678
5.000000
5.000000
5.000000
-0.625000
11
0
405.451813
179.631943
7.000000
7.000000
7.000000
-0.875000
13
0
624.064453
679.810791
4.000000
4.000000
4.000000
-0.500000
11
0
202.506180
226.523026
5.000000
5.000000
5.000000
-0.625000
14
0
679.481201
187.871948
5.000000
5.000000
5.000000
-0.625000
11
0
255.967285
340.322876
7.000000
7.000000
7.000000
-0.875000
12
0
143.749496
433.753479
4.000000
4.000000
4.000000
-0.500000
14
0
13.689383
616.439697
6.000000
6.000000
6.000000
-0.750000
13
0
476.843170
201.715134
5.000000
5.000000
5.000000
-0.625000
12
0
650.586243
379.413422
4.000000
4.000000
4.000000
-0.500000
11
0
102.593460
274.117249
7.000000
7.000000
7.000000
-0.875000
14
0
424.942169
593.169983
6.000000
6.000000
6.000000
-0.750000
14
0
610.550842
666.560852
6.000000
6.000000
6.000000
-0.750000
14
0
205.252838
241.376999
6.000000
6.000000
6.000000
-0.750000
12
0
87.234108
473.371368
6.000000
6.000000
6.000000
-0.750000
12
0
446.673798
357.813660
6.000000
6.000000
6.000000
-0.750000
14
0
217.975403
322.766205
5.000000
5.000000
5.000000
-0.625000
11
0
417.471222
586.512024
4.000000
4.000000
4.000000
-0.500000
12
0
518.284851
242.255920
4.000000
4.000000
4.000000
-0.500000
14
0
395.761597
512.264160
5.000000
5.000000
5.000000
-0.625000
13
0
575.437500
133.971375
7.000000
7.000000
7.000000
-0.875000
11
0
355.989868
0.791040
6.000000
6.000000
6.000000
-0.750000
12
0
220.150757
699.872437
4.000000
4.000000
4.000000
-0.500000
12
0
185.498825
709.211121
5.000000
5.000000
5.000000
-0.625000
12
0
508.067261
497.146515
4.000000
4.000000
4.000000
-0.500000
13
0
711.078857
126.104919
5.000000
5.000000
5.000000
-0.625000
13
0
471.305878
643.510864
6.000000
6.000000
6.000000
-0.750000
11
0
495.564453
462.099060
5.000000
5.000000
5.000000
-0.625000
13
0
439.993896
612.484497
6.000000
6.000000
6.000000
-0.750000
12
0
644.367798
710.024109
5.000000
5.000000
5.000000
-0.625000
11
0
413.977478
238.762177
7.000000
7.000000
7.000000
-0.875000
12
0
342.014832
675.196411
6.000000
6.000000
6.000000
-0.750000
12
0
684.227417
13.491623
6.000000
6.000000
6.000000
-0.750000
14
0
398.859833
415.889160
5.000000
5.000000
5.000000
-0.625000
13
0
384.423340
389.565125
5.000000
5.000000
5.000000
-0.625000
13
0
407.385468
133.487961
4.000000
4.000000
4.000000
-0.500000
11
0
452.628571
96.968292
4.000000
4.000000
4.000000
-0.500000
11
0
309.032867
512.901367
5.000000
5.000000
5.000000
-0.625000
11
0
202.725906
668.077026
4.000000
4.000000
4.000000
-0.500000
13
0
610.550842
632.809814
5.000000
5.000000
5.000000
-0.625000
14
0
466.054260
612.945923
7.000000
7.000000
7.000000
-0.875000
13
0
530.721741
646.015808
6.000000
6.000000
6.000000
-0.750000
14
0
342.915741
124.698631
5.000000
5.000000
5.000000
-0.625000
11
0
556.826050
589.742126
5.000000
5.000000
5.000000
-0.625000
14
0
524.195679
474.777679
6.000000
6.000000
6.000000
-0.750000
13
0
51.197853
365.921814
5.000000
5.000000
5.000000
-0.625000
14
0
222.897430
258.208557
5.000000
5.000000
5.000000
-0.625000
11
0
707.914673
171.611679
6.000000
6.000000
6.000000
-0.750000
13
0
675.723755
9.074984
7.000000
7.000000
7.000000
-0.875000
11
0
19.138767
659.177856
7.000000
7.000000
7.000000
-0.875000
14
0
94.529251
65.634331
6.000000
6.000000
6.000000
-0.750000
11
0
671.944336
666.626770
4.000000
4.000000
4.000000
-0.500000
12
0
228.083130
325.754578
7.000000
7.000000
7.000000
-0.875000
14
0
594.598206
438.016296
4.000000
4.000000
4.000000
-0.500000
14
0
53.505051
452.233032
4.000000
4.000000
4.000000
-0.500000
14
0
373.392731
253.660080
5.000000
5.000000
5.000000
-0.625000
11
0
357.813660
528.019043
6.000000
6.000000
6.000000
-0.750000
13
0
679.063721
230.522171
7.000000
7.000000
7.000000
-0.875000
14
0
489.521790
1.604053
4.000000
4.000000
4.000000
-0.500000
11
0
503.277069
572.449097
5.000000
5.000000
5.000000
-0.625000
11
0
240.190430
682.315735
6.000000
6.000000
6.000000
-0.750000
13
0
525.382263
110.547806
4.000000
4.000000
4.000000
-0.500000
13
0
376.051514
105.603806
4.000000
4.000000
4.000000
-0.500000
14
0
88.838158
333.489166
6.000000
6.000000
6.000000
-0.750000
14
0
379.501312
468.405396
4.000000
4.000000
4.000000
-0.500000
13
0
27.862179
507.759644
4.000000
4.000000
4.000000
-0.500000
14
0
600.618896
14.348582
7.000000
7.000000
7.000000
-0.875000
12
0
543.905762
448.036133
4.000000
4.000000
4.000000
-0.500000
12
0
178.862885
709.299011
5.000000
5.000000
5.000000
-0.625000
12
0
612.242798
137.509079
4.000000
4.000000
4.000000
-0.500000
12
0
94.529251
526.305115
4.000000
4.000000
4.000000
-0.500000
14
0
358.560760
518.153015
5.000000
5.000000
5.000000
-0.625000
11
0
550.387878
581.304382
5.000000
5.000000
5.000000
-0.625000
12
0
645.576355
411.033051
5.000000
5.000000
5.000000
-0.625000
14
0
603.123901
478.139587
4.000000
4.000000
4.000000
-0.500000
14
0
589.412537
366.668915
6.000000
6.000000
6.000000
-0.750000
11
0
45.001373
584.029053
7.000000
7.000000
7.000000
-0.875000
13
0
206.373489
485.302887
4.000000
4.000000
4.000000
-0.500000
14
0
655.486328
434.830170
6.000000
6.000000
6.000000
-0.750000
11
0
269.371002
127.203590
6.000000
6.000000
6.000000
-0.750000
14
0
342.608124
470.361023
6.000000
6.000000
6.000000
-0.750000
13
0
94.573196
233.049103
6.000000
6.000000
6.000000
-0.750000
13
0
334.719696
619.669800
5.000000
5.000000
5.000000
-0.625000
12
0
457.858215
334.170349
5.000000
5.000000
5.000000
-0.625000
12
0
221.974548
56.405529
7.000000
7.000000
7.000000
-0.875000
13
0
121.468552
332.851959
4.000000
4.000000
4.000000
-0.500000
13
0
287.850586
284.159058
5.000000
5.000000
5.000000
-0.625000
13
0
370.602142
572.712769
6.000000
6.000000
6.000000
-0.750000
11
0
330.786469
31.663565
5.000000
5.000000
5.000000
-0.625000
14
0
279.830322
198.968475
7.000000
7.000000
7.000000
-0.875000
13
0
15.732902
678.184753
7.000000
7.000000
7.000000
-0.875000
12
0
709.804382
288.795441
6.000000
6.000000
6.000000
-0.750000
11
0
35.662708
608.814941
7.000000
7.000000
7.000000
-0.875000
12
0
473.744934
231.554916
4.000000
4.000000
4.000000
-0.500000
11
0
483.193451
99.802849
5.000000
5.000000
5.000000
-0.625000
12
0
514.044006
319.206512
7.000000
7.000000
7.000000
-0.875000
13
0
32.059082
173.852966
7.000000
7.000000
7.000000
-0.875000
13
0
248.760040
466.493713
4.000000
4.000000
4.000000
-0.500000
12
0
248.891876
465.438995
7.000000
7.000000
7.000000
-0.875000
12
0
488.313232
101.384933
6.000000
6.000000
6.000000
-0.750000
11
0
634.457825
416.086914
6.000000
6.000000
6.000000
-0.750000
14
0
681.876282
665.418274
4.000000
4.000000
4.000000
-0.500000
13
0
235.466171
199.737534
6.000000
6.000000
6.000000
-0.750000
12
0
574.009216
643.730591
6.000000
6.000000
6.000000
-0.750000
13
0
66.073792
658.057190
5.000000
5.000000
5.000000
-0.625000
11
0
511.363251
405.759460
5.000000
5.000000
5.000000
-0.625000
11
0
579.436646
85.652031
7.000000
7.000000
7.000000
-0.875000
13
0
398.947723
295.255585
7.000000
7.000000
7.000000
-0.875000
13
0
669.219666
105.581833
4.000000
4.000000
4.000000
-0.500000
14
0
187.014984
610.770569
5.000000
5.000000
5.000000
-0.625000
11
0
361.219513
474.448059
4.000000
4.000000
4.000000
-0.500000
12
0
447.354950
595.850708
4.000000
4.000000
4.000000
-0.500000
11
0
714.946106
97.825249
5.000000
5.000000
5.000000
-0.625000
12
0
159.987793
39.442123
7.000000
7.000000
7.000000
-0.875000
14
0
215.118866
655.596191
5.000000
5.000000
5.000000
-0.625000
11
0
349.793396
606.178162
6.000000
6.000000
6.000000
-0.750000
13
0
613.319519
597.191101
5.000000
5.000000
5.000000
-0.625000
13
0
612.901978
416.592316
5.000000
5.000000
5.000000
-0.625000
13
0
619.428101
386.906342
7.000000
7.000000
7.000000
-0.875000
13
0
53.329266
597.630554
7.000000
7.000000
7.000000
-0.875000
11
0
483.281342
279.324921
5.000000
5.000000
5.000000
-0.625000
12
0
469.679871
42.738121
4.000000
4.000000
4.000000
-0.500000
12
0
186.223938
704.486816
7.000000
7.000000
7.000000
-0.875000
13
0
271.414520
702.421326
4.000000
4.000000
4.000000
-0.500000
11
0
602.662415
223.227020
5.000000
5.000000
5.000000
-0.625000
12
0
5.691092
364.295776
5.000000
5.000000
5.000000
-0.625000
14
0
431.600098
412.637115
7.000000
7.000000
7.000000
-0.875000
11
0
53.834652
283.565796
5.000000
5.000000
5.000000
-0.625000
13
0
418.218323
401.167023
4.000000
4.000000
4.000000
-0.500000
14
0
577.810608
303.341766
5.000000
5.000000
5.000000
-0.625000
11
0
465.482941
494.048279
7.000000
7.000000
7.000000
-0.875000
13
0
116.854149
184.839630
4.000000
4.000000
4.000000
-0.500000
11
0
435.621216
488.620880
5.000000
5.000000
5.000000
-0.625000
12
0
34.124577
667.813354
6.000000
6.000000
6.000000
-0.750000
12
0
321.733459
599.608154
4.000000
4.000000
4.000000
-0.500000
14
0
413.142487
660.781860
5.000000
5.000000
5.000000
-0.625000
13
0
509.407623
674.449280
5.000000
5.000000
5.000000
-0.625000
11
0
364.317749
641.401428
7.000000
7.000000
7.000000
-0.875000
13
0
688.160645
578.535706
4.000000
4.000000
4.000000
-0.500000
13
0
581.721863
26.697592
5.000000
5.000000
5.000000
-0.625000
12
0
293.058258
310.680878
7.000000
7.000000
7.000000
-0.875000
12
0
229.357590
33.553268
6.000000
6.000000
6.000000
-0.750000
13
0
476.359741
568.318115
6.000000
6.000000
6.000000
-0.750000
14
0
398.046814
508.770416
6.000000
6.000000
6.000000
-0.750000
14
0
408.967560
162.756439
6.000000
6.000000
6.000000
-0.750000
12
0
451.683716
89.563278
4.000000
4.000000
4.000000
-0.500000
11
0
151.967529
364.691315
5.000000
5.000000
5.000000
-0.625000
14
0
384.000000
-384.000000
2.000000
2.000000
0.000000
0.000000
1000
0
168.089996
356.130005
12.900000
21.000000
13.200000
0.350000
2003
335
145.100006
358.820007
4.000000
9.790000
2.000000
0.040000
2004
270
162.940002
331.079987
5.790000
2.600000
1.800000
0.330000
2005
190
549.527771
92.519348
235.526962
570.255432
1
0
515.613464
700.861389
516.578979
701.653748
7
0
412.554962
345.042999
588.715210
345.786194
1
0
459.897186
325.594574
610.421936
326.259216
1
0
618.197876
641.302307
685.419128
642.119202
1
0
259.642273
126.744797
650.179749
104.287605
1
0
278.540741
545.894897
279.371796
546.823059
0
0
322.285950
585.481445
323.080414
707.307495
1
0
104.672928
733.469910
104.060547
734.395447
12
0
139.333954
289.396393
138.482498
135.871338
1
0
112.637955
363.250336
97.135292
362.315979
1
0
582.476501
381.382751
583.175049
382.183533
2
0
184.145828
407.858276
293.472076
327.553467
1
0
645.178101
6.381732
733.192078
5.744560
1
0
338.094513
418.460022
337.112579
3.542100
1
0
633.291077
256.926086
663.644287
256.370850
1
0
196.509964
202.795441
570.981995
201.831604
1
0
372.700531
608.773499
156.647110
607.810791
1
0
530.703125
650.094971
545.596985
650.883606
1
0
528.476990
650.965637
722.111633
240.590347
1
0
