data/images/sand1.bmp
data/images/terrain1.bmp
4
data/模型/士兵0/
data/mdl模型/qian0.mdl
117.925926
-337.140411
-2.999992
2.599996
505
242.277908
102.153999
6.000000
6.000000
6.000000
-0.750000
14
0
47.286598
395.651733
5.000000
5.000000
5.000000
-0.625000
14
0
271.128876
556.452515
7.000000
7.000000
7.000000
-0.875000
11
0
305.648987
602.376770
4.000000
4.000000
4.000000
-0.500000
12
0
570.339661
533.776062
7.000000
7.000000
7.000000
-0.875000
13
0
601.849426
35.399029
4.000000
4.000000
4.000000
-0.500000
11
0
170.776703
615.560791
4.000000
4.000000
4.000000
-0.500000
13
0
119.029510
664.363525
6.000000
6.000000
6.000000
-0.750000
14
0
689.523010
194.617752
7.000000
7.000000
7.000000
-0.875000
11
0
521.119446
706.684143
5.000000
5.000000
5.000000
-0.625000
11
0
561.352600
380.621979
5.000000
5.000000
5.000000
-0.625000
14
0
229.203766
277.962585
6.000000
6.000000
6.000000
-0.750000
11
0
160.427261
155.241547
6.000000
6.000000
6.000000
-0.750000
13
0
308.285767
292.333130
7.000000
7.000000
7.000000
-0.875000
11
0
531.732544
177.588425
4.000000
4.000000
4.000000
-0.500000
11
0
363.790405
372.689606
5.000000
5.000000
5.000000
-0.625000
12
0
52.670063
559.462891
4.000000
4.000000
4.000000
-0.500000
12
0
288.004395
91.079437
6.000000
6.000000
6.000000
-0.750000
12
0
544.674805
530.655823
5.000000
5.000000
5.000000
-0.625000
13
0
656.848633
658.936096
7.000000
7.000000
7.000000
-0.875000
11
0
514.703186
714.352844
7.000000
7.000000
7.000000
-0.875000
12
0
336.257813
587.412964
6.000000
6.000000
6.000000
-0.750000
11
0
6.833704
92.287971
5.000000
5.000000
5.000000
-0.625000
14
0
658.848206
437.774597
6.000000
6.000000
6.000000
-0.750000
12
0
503.892334
620.285034
4.000000
4.000000
4.000000
-0.500000
11
0
330.434875
101.560715
6.000000
6.000000
6.000000
-0.750000
13
0
598.839050
53.285316
6.000000
6.000000
6.000000
-0.750000
13
0
506.639008
131.092865
6.000000
6.000000
6.000000
-0.750000
13
0
396.530670
340.916168
7.000000
7.000000
7.000000
-0.875000
14
0
599.410400
639.599609
6.000000
6.000000
6.000000
-0.750000
11
0
245.134430
632.677979
4.000000
4.000000
4.000000
-0.500000
13
0
653.530701
651.619019
4.000000
4.000000
4.000000
-0.500000
11
0
277.786804
93.210854
7.000000
7.000000
7.000000
-0.875000
13
0
213.339035
63.305153
7.000000
7.000000
7.000000
-0.875000
14
0
44.100468
447.772461
4.000000
4.000000
4.000000
-0.500000
14
0
159.152802
612.770142
7.000000
7.000000
7.000000
-0.875000
13
0
391.784424
337.356476
7.000000
7.000000
7.000000
-0.875000
14
0
313.910950
100.308235
5.000000
5.000000
5.000000
-0.625000
11
0
398.090759
204.176147
7.000000
7.000000
7.000000
-0.875000
13
0
19.644154
18.787195
5.000000
5.000000
5.000000
-0.625000
11
0
151.506088
426.853851
4.000000
4.000000
4.000000
-0.500000
14
0
244.145630
673.987854
7.000000
7.000000
7.000000
-0.875000
11
0
23.247780
625.822327
7.000000
7.000000
7.000000
-0.875000
12
0
17.468794
354.737396
5.000000
5.000000
5.000000
-0.625000
11
0
28.850979
138.497879
5.000000
5.000000
5.000000
-0.625000
13
0
158.493607
713.473938
5.000000
5.000000
5.000000
-0.625000
11
0
719.736328
384.818878
7.000000
7.000000
7.000000
-0.875000
11
0
611.539673
356.363403
4.000000
4.000000
4.000000
-0.500000
12
0
564.670532
482.358459
5.000000
5.000000
5.000000
-0.625000
13
0
32.806175
403.737915
4.000000
4.000000
4.000000
-0.500000
11
0
621.515564
511.670898
7.000000
7.000000
7.000000
-0.875000
14
0
507.122406
420.305786
6.000000
6.000000
6.000000
-0.750000
11
0
658.628479
191.717270
7.000000
7.000000
7.000000
-0.875000
11
0
114.327217
555.507690
5.000000
5.000000
5.000000
-0.625000
14
0
406.528534
165.085602
5.000000
5.000000
5.000000
-0.625000
13
0
705.981018
533.885925
5.000000
5.000000
5.000000
-0.625000
12
0
179.368271
133.268234
5.000000
5.000000
5.000000
-0.625000
12
0
651.772827
535.292236
5.000000
5.000000
5.000000
-0.625000
12
0
146.606033
322.085022
4.000000
4.000000
4.000000
-0.500000
14
0
636.215698
365.262604
5.000000
5.000000
5.000000
-0.625000
13
0
414.460876
516.900513
7.000000
7.000000
7.000000
-0.875000
12
0
185.147247
515.340454
5.000000
5.000000
5.000000
-0.625000
13
0
477.524353
267.964722
4.000000
4.000000
4.000000
-0.500000
11
0
42.320629
73.368935
4.000000
4.000000
4.000000
-0.500000
13
0
200.308853
265.767395
5.000000
5.000000
5.000000
-0.625000
13
0
315.954468
123.775749
5.000000
5.000000
5.000000
-0.625000
12
0
168.843048
566.296570
6.000000
6.000000
6.000000
-0.750000
14
0
155.263535
397.914978
6.000000
6.000000
6.000000
-0.750000
12
0
692.269653
706.376526
7.000000
7.000000
7.000000
-0.875000
12
0
397.079987
694.423035
4.000000
4.000000
4.000000
-0.500000
12
0
174.182556
268.931549
7.000000
7.000000
7.000000
-0.875000
11
0
542.367615
589.412537
5.000000
5.000000
5.000000
-0.625000
13
0
54.537796
618.439270
7.000000
7.000000
7.000000
-0.875000
13
0
142.804657
316.899323
6.000000
6.000000
6.000000
-0.750000
12
0
480.974152
606.046326
5.000000
5.000000
5.000000
-0.625000
11
0
277.369293
659.089966
5.000000
5.000000
5.000000
-0.625000
13
0
390.378113
645.005005
5.000000
5.000000
5.000000
-0.625000
14
0
78.840294
406.638397
4.000000
4.000000
4.000000
-0.500000
11
0
560.561523
35.992310
4.000000
4.000000
4.000000
-0.500000
11
0
550.453796
29.004791
4.000000
4.000000
4.000000
-0.500000
14
0
271.766113
502.376160
4.000000
4.000000
4.000000
-0.500000
12
0
552.299561
34.805748
7.000000
7.000000
7.000000
-0.875000
12
0
538.214661
95.518051
5.000000
5.000000
5.000000
-0.625000
13
0
78.115173
502.046570
7.000000
7.000000
7.000000
-0.875000
12
0
229.687180
510.176697
7.000000
7.000000
7.000000
-0.875000
11
0
21.643726
338.433167
4.000000
4.000000
4.000000
-0.500000
14
0
203.121429
449.640198
6.000000
6.000000
6.000000
-0.750000
12
0
593.367737
591.785645
6.000000
6.000000
6.000000
-0.750000
13
0
324.062622
241.223175
4.000000
4.000000
4.000000
-0.500000
13
0
546.850159
290.223694
4.000000
4.000000
4.000000
-0.500000
11
0
178.335526
421.536316
6.000000
6.000000
6.000000
-0.750000
11
0
95.518051
652.629761
6.000000
6.000000
6.000000
-0.750000
13
0
593.631409
51.725212
4.000000
4.000000
4.000000
-0.500000
11
0
319.162567
388.752106
4.000000
4.000000
4.000000
-0.500000
12
0
210.878021
522.833313
4.000000
4.000000
4.000000
-0.500000
14
0
500.420532
89.717094
5.000000
5.000000
5.000000
-0.625000
13
0
66.051819
451.090424
4.000000
4.000000
4.000000
-0.500000
14
0
591.390137
588.291870
5.000000
5.000000
5.000000
-0.625000
11
0
341.619324
383.302704
5.000000
5.000000
5.000000
-0.625000
11
0
170.205383
329.072540
7.000000
7.000000
7.000000
-0.875000
11
0
87.981201
32.037109
4.000000
4.000000
4.000000
-0.500000
14
0
367.591797
388.971832
4.000000
4.000000
4.000000
-0.500000
11
0
635.336792
281.060822
4.000000
4.000000
4.000000
-0.500000
13
0
123.446152
587.434937
6.000000
6.000000
6.000000
-0.750000
12
0
454.913788
600.596924
6.000000
6.000000
6.000000
-0.750000
13
0
453.375641
366.690887
6.000000
6.000000
6.000000
-0.750000
14
0
190.772430
512.549805
4.000000
4.000000
4.000000
-0.500000
11
0
165.173492
122.237617
7.000000
7.000000
7.000000
-0.875000
12
0
581.238464
65.963928
7.000000
7.000000
7.000000
-0.875000
12
0
305.627014
103.076874
4.000000
4.000000
4.000000
-0.500000
13
0
470.514862
42.342602
5.000000
5.000000
5.000000
-0.625000
13
0
56.779076
481.897034
6.000000
6.000000
6.000000
-0.750000
12
0
670.252380
450.804779
7.000000
7.000000
7.000000
-0.875000
11
0
642.741760
435.599243
4.000000
4.000000
4.000000
-0.500000
13
0
711.078857
193.497116
5.000000
5.000000
5.000000
-0.625000
12
0
686.073181
555.441772
4.000000
4.000000
4.000000
-0.500000
14
0
4.174932
60.888088
5.000000
5.000000
5.000000
-0.625000
12
0
294.442566
667.461792
5.000000
5.000000
5.000000
-0.625000
11
0
532.875122
417.163605
7.000000
7.000000
7.000000
-0.875000
13
0
197.210602
262.713104
7.000000
7.000000
7.000000
-0.875000
14
0
274.161194
55.372784
4.000000
4.000000
4.000000
-0.500000
12
0
251.924194
97.671440
5.000000
5.000000
5.000000
-0.625000
12
0
390.268250
542.916931
6.000000
6.000000
6.000000
-0.750000
14
0
200.880157
644.411743
4.000000
4.000000
4.000000
-0.500000
14
0
270.227966
216.656998
6.000000
6.000000
6.000000
-0.750000
12
0
517.735535
271.040985
5.000000
5.000000
5.000000
-0.625000
12
0
581.480164
148.495743
6.000000
6.000000
6.000000
-0.750000
11
0
464.076660
351.946777
7.000000
7.000000
7.000000
-0.875000
14
0
651.333374
480.446777
4.000000
4.000000
4.000000
-0.500000
12
0
555.881226
28.103886
6.000000
6.000000
6.000000
-0.750000
14
0
258.626068
90.002747
5.000000
5.000000
5.000000
-0.625000
13
0
80.202644
57.482224
5.000000
5.000000
5.000000
-0.625000
12
0
75.258644
305.648987
6.000000
6.000000
6.000000
-0.750000
14
0
461.725525
635.270874
5.000000
5.000000
5.000000
-0.625000
14
0
37.772148
431.841797
7.000000
7.000000
7.000000
-0.875000
13
0
79.147926
384.093750
4.000000
4.000000
4.000000
-0.500000
12
0
688.841797
204.549698
6.000000
6.000000
6.000000
-0.750000
14
0
692.049927
114.590897
7.000000
7.000000
7.000000
-0.875000
13
0
288.883331
536.566650
5.000000
5.000000
5.000000
-0.625000
12
0
277.127594
555.507690
5.000000
5.000000
5.000000
-0.625000
11
0
657.683655
392.707306
5.000000
5.000000
5.000000
-0.625000
11
0
355.045013
534.039734
6.000000
6.000000
6.000000
-0.750000
11
0
145.793030
595.169556
4.000000
4.000000
4.000000
-0.500000
12
0
446.805634
646.257507
4.000000
4.000000
4.000000
-0.500000
11
0
376.337158
158.867157
4.000000
4.000000
4.000000
-0.500000
12
0
540.346069
177.280807
5.000000
5.000000
5.000000
-0.625000
11
0
116.304817
276.798004
5.000000
5.000000
5.000000
-0.625000
12
0
47.198708
231.686752
6.000000
6.000000
6.000000
-0.750000
13
0
38.299507
115.184181
7.000000
7.000000
7.000000
-0.875000
14
0
448.959015
113.799858
6.000000
6.000000
6.000000
-0.750000
12
0
372.052368
258.955658
6.000000
6.000000
6.000000
-0.750000
11
0
113.799858
637.951599
5.000000
5.000000
5.000000
-0.625000
13
0
85.937683
126.983856
5.000000
5.000000
5.000000
-0.625000
12
0
3.252052
688.863770
6.000000
6.000000
6.000000
-0.750000
13
0
478.644989
157.416916
7.000000
7.000000
7.000000
-0.875000
13
0
108.482315
711.913818
6.000000
6.000000
6.000000
-0.750000
12
0
220.568253
122.962738
5.000000
5.000000
5.000000
-0.625000
13
0
297.079376
173.479416
7.000000
7.000000
7.000000
-0.875000
13
0
565.549500
56.229744
5.000000
5.000000
5.000000
-0.625000
12
0
529.513245
511.253387
5.000000
5.000000
5.000000
-0.625000
12
0
572.317261
185.037384
5.000000
5.000000
5.000000
-0.625000
11
0
445.684998
614.506042
4.000000
4.000000
4.000000
-0.500000
11
0
336.147949
597.718445
6.000000
6.000000
6.000000
-0.750000
11
0
481.567444
674.427307
4.000000
4.000000
4.000000
-0.500000
13
0
710.331726
638.434998
5.000000
5.000000
5.000000
-0.625000
14
0
195.672470
4.482559
7.000000
7.000000
7.000000
-0.875000
14
0
237.751389
192.464371
6.000000
6.000000
6.000000
-0.750000
13
0
285.719177
350.694305
7.000000
7.000000
7.000000
-0.875000
13
0
92.551651
701.630310
7.000000
7.000000
7.000000
-0.875000
13
0
375.084686
291.871704
5.000000
5.000000
5.000000
-0.625000
12
0
471.569580
149.374680
6.000000
6.000000
6.000000
-0.750000
14
0
489.477814
170.051575
4.000000
4.000000
4.000000
-0.500000
12
0
675.965454
16.392101
5.000000
5.000000
5.000000
-0.625000
11
0
463.395477
270.777313
4.000000
4.000000
4.000000
-0.500000
11
0
2.702719
445.641052
7.000000
7.000000
7.000000
-0.875000
11
0
156.735733
173.325607
7.000000
7.000000
7.000000
-0.875000
12
0
166.294144
177.830139
5.000000
5.000000
5.000000
-0.625000
13
0
481.413605
711.166748
7.000000
7.000000
7.000000
-0.875000
14
0
610.177307
536.698486
7.000000
7.000000
7.000000
-0.875000
14
0
197.803894
622.108826
6.000000
6.000000
6.000000
-0.750000
13
0
388.334595
504.265869
7.000000
7.000000
7.000000
-0.875000
14
0
1.406293
128.741714
4.000000
4.000000
4.000000
-0.500000
11
0
136.893829
166.250183
6.000000
6.000000
6.000000
-0.750000
14
0
219.403671
648.740479
5.000000
5.000000
5.000000
-0.625000
12
0
535.687744
287.301239
6.000000
6.000000
6.000000
-0.750000
13
0
37.069004
635.051147
5.000000
5.000000
5.000000
-0.625000
11
0
139.706406
176.357925
5.000000
5.000000
5.000000
-0.625000
14
0
414.614716
506.353333
6.000000
6.000000
6.000000
-0.750000
11
0
500.860016
321.887268
5.000000
5.000000
5.000000
-0.625000
11
0
613.473328
107.317726
5.000000
5.000000
5.000000
-0.625000
11
0
579.348755
437.291168
5.000000
5.000000
5.000000
-0.625000
14
0
573.020447
218.898285
5.000000
5.000000
5.000000
-0.625000
11
0
605.321228
116.151009
7.000000
7.000000
7.000000
-0.875000
11
0
497.058624
198.682816
7.000000
7.000000
7.000000
-0.875000
12
0
270.425720
657.639709
4.000000
4.000000
4.000000
-0.500000
11
0
530.480042
391.125214
4.000000
4.000000
4.000000
-0.500000
12
0
609.408264
141.618088
5.000000
5.000000
5.000000
-0.625000
12
0
525.733826
667.945190
6.000000
6.000000
6.000000
-0.750000
11
0
211.515244
474.228333
6.000000
6.000000
6.000000
-0.750000
14
0
619.406128
138.453934
7.000000
7.000000
7.000000
-0.875000
11
0
162.338943
482.995697
6.000000
6.000000
6.000000
-0.750000
12
0
458.781097
189.761658
4.000000
4.000000
4.000000
-0.500000
13
0
435.093842
262.229675
4.000000
4.000000
4.000000
-0.500000
13
0
678.470398
57.174595
4.000000
4.000000
4.000000
-0.500000
14
0
692.335571
208.329117
5.000000
5.000000
5.000000
-0.625000
11
0
146.869720
44.517960
7.000000
7.000000
7.000000
-0.875000
11
0
457.462677
505.078888
4.000000
4.000000
4.000000
-0.500000
12
0
502.859589
154.384598
7.000000
7.000000
7.000000
-0.875000
13
0
96.375008
338.938568
4.000000
4.000000
4.000000
-0.500000
12
0
702.179626
608.463379
6.000000
6.000000
6.000000
-0.750000
14
0
448.937042
444.432495
5.000000
5.000000
5.000000
-0.625000
12
0
294.112976
657.881409
6.000000
6.000000
6.000000
-0.750000
14
0
390.509949
339.399994
4.000000
4.000000
4.000000
-0.500000
14
0
628.129517
3.515732
4.000000
4.000000
4.000000
-0.500000
11
0
243.662216
330.303040
6.000000
6.000000
6.000000
-0.750000
14
0
390.224304
666.297180
5.000000
5.000000
5.000000
-0.625000
13
0
239.575180
367.591797
5.000000
5.000000
5.000000
-0.625000
14
0
589.676208
667.461792
4.000000
4.000000
4.000000
-0.500000
11
0
509.737244
70.929901
4.000000
4.000000
4.000000
-0.500000
11
0
275.523560
398.991669
6.000000
6.000000
6.000000
-0.750000
11
0
447.354950
644.653442
6.000000
6.000000
6.000000
-0.750000
11
0
263.130585
83.806267
5.000000
5.000000
5.000000
-0.625000
14
0
319.118622
42.891933
6.000000
6.000000
6.000000
-0.750000
13
0
470.800507
566.186707
6.000000
6.000000
6.000000
-0.750000
11
0
86.530960
105.054474
6.000000
6.000000
6.000000
-0.750000
12
0
226.237366
231.906494
6.000000
6.000000
6.000000
-0.750000
11
0
477.722107
461.000397
7.000000
7.000000
7.000000
-0.875000
12
0
103.230690
298.815277
5.000000
5.000000
5.000000
-0.625000
11
0
548.739868
86.487015
6.000000
6.000000
6.000000
-0.750000
11
0
248.122803
476.865143
6.000000
6.000000
6.000000
-0.750000
14
0
375.326385
28.345592
7.000000
7.000000
7.000000
-0.875000
13
0
236.411026
118.612015
4.000000
4.000000
4.000000
-0.500000
14
0
234.433426
99.956665
5.000000
5.000000
5.000000
-0.625000
12
0
459.330414
539.533081
5.000000
5.000000
5.000000
-0.625000
11
0
595.674927
346.365540
4.000000
4.000000
4.000000
-0.500000
13
0
0.329600
588.160034
5.000000
5.000000
5.000000
-0.625000
12
0
43.023773
79.741203
6.000000
6.000000
6.000000
-0.750000
13
0
361.790833
586.577942
7.000000
7.000000
7.000000
-0.875000
13
0
486.335632
244.672989
5.000000
5.000000
5.000000
-0.625000
14
0
641.401428
240.673843
4.000000
4.000000
4.000000
-0.500000
11
0
222.831512
473.437286
7.000000
7.000000
7.000000
-0.875000
11
0
718.857361
600.465088
7.000000
7.000000
7.000000
-0.875000
11
0
48.824734
191.255829
5.000000
5.000000
5.000000
-0.625000
11
0
212.372208
710.309753
7.000000
7.000000
7.000000
-0.875000
12
0
101.077301
171.809448
5.000000
5.000000
5.000000
-0.625000
11
0
405.298004
469.372223
4.000000
4.000000
4.000000
-0.500000
12
0
388.576324
222.326126
4.000000
4.000000
4.000000
-0.500000
11
0
502.529999
341.882996
7.000000
7.000000
7.000000
-0.875000
14
0
693.917664
199.056366
5.000000
5.000000
5.000000
-0.625000
13
0
457.264923
77.368080
5.000000
5.000000
5.000000
-0.625000
11
0
564.956177
32.410656
4.000000
4.000000
4.000000
-0.500000
14
0
287.433075
41.068150
4.000000
4.000000
4.000000
-0.500000
13
0
116.326790
202.528152
7.000000
7.000000
7.000000
-0.875000
11
0
202.330399
114.195381
6.000000
6.000000
6.000000
-0.750000
14
0
201.121857
504.331787
4.000000
4.000000
4.000000
-0.500000
13
0
99.143654
484.292114
7.000000
7.000000
7.000000
-0.875000
11
0
512.286133
702.970642
6.000000
6.000000
6.000000
-0.750000
14
0
589.500427
5.449385
7.000000
7.000000
7.000000
-0.875000
11
0
654.277771
199.100311
7.000000
7.000000
7.000000
-0.875000
14
0
516.087524
48.758812
6.000000
6.000000
6.000000
-0.750000
11
0
584.622314
304.286621
5.000000
5.000000
5.000000
-0.625000
14
0
319.118622
162.470779
7.000000
7.000000
7.000000
-0.875000
13
0
425.447540
486.137878
5.000000
5.000000
5.000000
-0.625000
12
0
453.068024
662.473816
6.000000
6.000000
6.000000
-0.750000
14
0
365.064850
103.736076
5.000000
5.000000
5.000000
-0.625000
13
0
613.011841
632.414307
6.000000
6.000000
6.000000
-0.750000
14
0
649.575500
593.038147
4.000000
4.000000
4.000000
-0.500000
14
0
491.367523
694.181335
7.000000
7.000000
7.000000
-0.875000
12
0
224.303726
181.895203
5.000000
5.000000
5.000000
-0.625000
12
0
624.350098
468.141724
4.000000
4.000000
4.000000
-0.500000
11
0
505.540344
575.745117
4.000000
4.000000
4.000000
-0.500000
12
0
448.607452
83.432724
7.000000
7.000000
7.000000
-0.875000
11
0
601.915344
412.549225
4.000000
4.000000
4.000000
-0.500000
12
0
47.726067
698.378235
4.000000
4.000000
4.000000
-0.500000
13
0
546.103088
688.446289
6.000000
6.000000
6.000000
-0.750000
11
0
548.849731
430.611298
6.000000
6.000000
6.000000
-0.750000
11
0
296.332275
552.804932
4.000000
4.000000
4.000000
-0.500000
13
0
289.168976
97.561569
6.000000
6.000000
6.000000
-0.750000
13
0
267.920776
33.619190
7.000000
7.000000
7.000000
-0.875000
13
0
432.566925
46.759239
5.000000
5.000000
5.000000
-0.625000
13
0
514.944885
332.983795
6.000000
6.000000
6.000000
-0.750000
13
0
596.114380
316.020386
6.000000
6.000000
6.000000
-0.750000
12
0
1.582080
252.078003
4.000000
4.000000
4.000000
-0.500000
14
0
326.633514
523.844116
7.000000
7.000000
7.000000
-0.875000
11
0
284.005249
266.778168
6.000000
6.000000
6.000000
-0.750000
12
0
667.329956
209.735397
7.000000
7.000000
7.000000
-0.875000
11
0
641.621155
572.822632
7.000000
7.000000
7.000000
-0.875000
14
0
54.274117
344.519806
6.000000
6.000000
6.000000
-0.750000
13
0
498.772552
301.122467
7.000000
7.000000
7.000000
-0.875000
13
0
383.082977
250.561844
5.000000
5.000000
5.000000
-0.625000
11
0
496.333496
63.173313
4.000000
4.000000
4.000000
-0.500000
12
0
205.230865
12.217170
5.000000
5.000000
5.000000
-0.625000
13
0
53.263344
626.261780
4.000000
4.000000
4.000000
-0.500000
11
0
254.978485
456.078369
5.000000
5.000000
5.000000
-0.625000
13
0
58.075504
598.773132
5.000000
5.000000
5.000000
-0.625000
13
0
425.579407
701.234802
5.000000
5.000000
5.000000
-0.625000
11
0
610.528870
325.622742
7.000000
7.000000
7.000000
-0.875000
11
0
436.082642
479.655762
4.000000
4.000000
4.000000
-0.500000
14
0
293.058258
473.481232
5.000000
5.000000
5.000000
-0.625000
12
0
587.786499
26.499832
6.000000
6.000000
6.000000
-0.750000
13
0
572.449097
346.057922
4.000000
4.000000
4.000000
-0.500000
12
0
450.826752
420.459595
6.000000
6.000000
6.000000
-0.750000
11
0
211.361435
249.463181
7.000000
7.000000
7.000000
-0.875000
12
0
520.745850
53.922543
6.000000
6.000000
6.000000
-0.750000
11
0
569.856262
707.585083
5.000000
5.000000
5.000000
-0.625000
13
0
365.042877
193.453171
6.000000
6.000000
6.000000
-0.750000
12
0
197.012848
687.215820
7.000000
7.000000
7.000000
-0.875000
13
0
459.791870
190.025330
5.000000
5.000000
5.000000
-0.625000
11
0
312.460693
593.565491
4.000000
4.000000
4.000000
-0.500000
12
0
516.043579
339.356049
4.000000
4.000000
4.000000
-0.500000
12
0
297.936340
675.438110
7.000000
7.000000
7.000000
-0.875000
12
0
56.603291
152.187256
5.000000
5.000000
5.000000
-0.625000
13
0
478.886688
600.618896
4.000000
4.000000
4.000000
-0.500000
13
0
522.459778
674.690979
5.000000
5.000000
5.000000
-0.625000
11
0
675.965454
201.121857
6.000000
6.000000
6.000000
-0.750000
14
0
269.327057
58.558914
6.000000
6.000000
6.000000
-0.750000
14
0
286.664032
668.648315
6.000000
6.000000
6.000000
-0.750000
11
0
454.342468
381.676697
6.000000
6.000000
6.000000
-0.750000
13
0
616.835205
439.620361
7.000000
7.000000
7.000000
-0.875000
13
0
212.482071
518.087097
6.000000
6.000000
6.000000
-0.750000
12
0
102.219917
170.820648
5.000000
5.000000
5.000000
-0.625000
13
0
563.220337
258.450256
4.000000
4.000000
4.000000
-0.500000
13
0
420.151978
244.453262
6.000000
6.000000
6.000000
-0.750000
12
0
486.994843
560.451660
5.000000
5.000000
5.000000
-0.625000
11
0
450.936615
163.635361
4.000000
4.000000
4.000000
-0.500000
12
0
291.915649
648.872314
4.000000
4.000000
4.000000
-0.500000
14
0
409.516907
557.529236
5.000000
5.000000
5.000000
-0.625000
14
0
30.191351
606.134216
5.000000
5.000000
5.000000
-0.625000
13
0
307.033295
596.839478
5.000000
5.000000
5.000000
-0.625000
11
0
164.756012
92.507706
7.000000
7.000000
7.000000
-0.875000
11
0
662.363953
178.950775
7.000000
7.000000
7.000000
-0.875000
11
0
165.832703
396.442749
6.000000
6.000000
6.000000
-0.750000
11
0
423.667725
403.430267
5.000000
5.000000
5.000000
-0.625000
13
0
77.434006
454.825897
6.000000
6.000000
6.000000
-0.750000
11
0
20.017700
177.148956
7.000000
7.000000
7.000000
-0.875000
13
0
14.040956
523.404663
6.000000
6.000000
6.000000
-0.750000
12
0
182.905975
469.745789
4.000000
4.000000
4.000000
-0.500000
12
0
467.065033
536.984131
6.000000
6.000000
6.000000
-0.750000
13
0
137.794739
378.842133
6.000000
6.000000
6.000000
-0.750000
11
0
541.422791
359.857178
6.000000
6.000000
6.000000
-0.750000
11
0
205.736252
125.357826
4.000000
4.000000
4.000000
-0.500000
12
0
602.135071
485.984070
4.000000
4.000000
4.000000
-0.500000
12
0
174.863739
178.972748
7.000000
7.000000
7.000000
-0.875000
12
0
690.885315
309.406403
5.000000
5.000000
5.000000
-0.625000
13
0
642.016663
113.184608
6.000000
6.000000
6.000000
-0.750000
11
0
472.558380
444.564362
5.000000
5.000000
5.000000
-0.625000
14
0
124.259163
70.842003
5.000000
5.000000
5.000000
-0.625000
12
0
711.803955
456.495850
7.000000
7.000000
7.000000
-0.875000
14
0
180.510880
519.339600
7.000000
7.000000
7.000000
-0.875000
14
0
519.647217
641.269592
6.000000
6.000000
6.000000
-0.750000
12
0
543.026855
295.980713
4.000000
4.000000
4.000000
-0.500000
12
0
449.969788
656.277344
7.000000
7.000000
7.000000
-0.875000
12
0
98.945892
143.266098
4.000000
4.000000
4.000000
-0.500000
14
0
646.169617
40.408947
4.000000
4.000000
4.000000
-0.500000
12
0
121.995911
214.217957
5.000000
5.000000
5.000000
-0.625000
13
0
517.581726
624.679688
6.000000
6.000000
6.000000
-0.750000
11
0
393.893860
187.696152
5.000000
5.000000
5.000000
-0.625000
11
0
666.209290
32.103031
4.000000
4.000000
4.000000
-0.500000
13
0
455.990479
553.683899
6.000000
6.000000
6.000000
-0.750000
13
0
583.172119
28.455458
6.000000
6.000000
6.000000
-0.750000
12
0
230.851776
28.587297
4.000000
4.000000
4.000000
-0.500000
11
0
35.311134
202.242493
7.000000
7.000000
7.000000
-0.875000
13
0
13.711356
620.724487
7.000000
7.000000
7.000000
-0.875000
11
0
541.796326
15.161595
7.000000
7.000000
7.000000
-0.875000
13
0
554.233215
185.279099
6.000000
6.000000
6.000000
-0.750000
11
0
460.494995
582.446960
6.000000
6.000000
6.000000
-0.750000
13
0
347.815796
550.014343
5.000000
5.000000
5.000000
-0.625000
14
0
244.782867
423.096405
7.000000
7.000000
7.000000
-0.875000
11
0
217.338181
250.298172
4.000000
4.000000
4.000000
-0.500000
11
0
590.027771
300.177612
6.000000
6.000000
6.000000
-0.750000
14
0
64.733421
674.559143
5.000000
5.000000
5.000000
-0.625000
14
0
670.010681
591.302246
7.000000
7.000000
7.000000
-0.875000
13
0
32.410656
419.492767
6.000000
6.000000
6.000000
-0.750000
13
0
63.678699
548.695923
4.000000
4.000000
4.000000
-0.500000
13
0
314.943695
175.522934
5.000000
5.000000
5.000000
-0.625000
13
0
51.615345
169.678024
7.000000
7.000000
7.000000
-0.875000
11
0
340.586578
141.969666
6.000000
6.000000
6.000000
-0.750000
14
0
682.645325
356.956696
5.000000
5.000000
5.000000
-0.625000
11
0
202.769867
52.450333
5.000000
5.000000
5.000000
-0.625000
14
0
90.288399
648.872314
4.000000
4.000000
4.000000
-0.500000
11
0
21.841486
370.162659
5.000000
5.000000
5.000000
-0.625000
14
0
379.479340
279.764404
6.000000
6.000000
6.000000
-0.750000
12
0
116.436661
333.159576
6.000000
6.000000
6.000000
-0.750000
12
0
643.027466
410.285950
4.000000
4.000000
4.000000
-0.500000
13
0
545.158264
49.725639
4.000000
4.000000
4.000000
-0.500000
12
0
148.166138
327.688232
4.000000
4.000000
4.000000
-0.500000
11
0
18.084047
163.701279
5.000000
5.000000
5.000000
-0.625000
11
0
173.215729
576.162598
4.000000
4.000000
4.000000
-0.500000
11
0
658.386780
529.667053
7.000000
7.000000
7.000000
-0.875000
11
0
174.072693
57.086704
5.000000
5.000000
5.000000
-0.625000
12
0
613.780945
58.427074
4.000000
4.000000
4.000000
-0.500000
12
0
520.767822
59.459824
4.000000
4.000000
4.000000
-0.500000
12
0
438.236023
612.220825
4.000000
4.000000
4.000000
-0.500000
12
0
284.027222
100.088501
4.000000
4.000000
4.000000
-0.500000
12
0
203.429062
550.014343
7.000000
7.000000
7.000000
-0.875000
12
0
151.857666
693.983582
6.000000
6.000000
6.000000
-0.750000
13
0
300.375366
242.871185
4.000000
4.000000
4.000000
-0.500000
13
0
396.179077
94.595169
7.000000
7.000000
7.000000
-0.875000
11
0
170.930511
119.315163
7.000000
7.000000
7.000000
-0.875000
13
0
369.195831
124.259163
6.000000
6.000000
6.000000
-0.750000
14
0
9.382610
600.509033
4.000000
4.000000
4.000000
-0.500000
11
0
250.144348
214.327835
7.000000
7.000000
7.000000
-0.875000
12
0
394.069641
325.600769
6.000000
6.000000
6.000000
-0.750000
11
0
1.779840
535.643799
5.000000
5.000000
5.000000
-0.625000
12
0
568.757568
587.149292
5.000000
5.000000
5.000000
-0.625000
11
0
576.953613
538.742004
5.000000
5.000000
5.000000
-0.625000
14
0
414.460876
136.300552
4.000000
4.000000
4.000000
-0.500000
11
0
175.105438
104.219490
5.000000
5.000000
5.000000
-0.625000
13
0
350.826141
518.218933
7.000000
7.000000
7.000000
-0.875000
14
0
668.999878
423.074432
7.000000
7.000000
7.000000
-0.875000
12
0
607.738281
337.224640
6.000000
6.000000
6.000000
-0.750000
14
0
441.048615
286.927704
7.000000
7.000000
7.000000
-0.875000
14
0
586.885559
52.340466
4.000000
4.000000
4.000000
-0.500000
12
0
270.096130
28.389538
4.000000
4.000000
4.000000
-0.500000
13
0
473.349396
22.390820
5.000000
5.000000
5.000000
-0.625000
13
0
667.857300
151.396225
7.000000
7.000000
7.000000
-0.875000
14
0
57.108677
441.488068
5.000000
5.000000
5.000000
-0.625000
11
0
25.489059
411.516479
6.000000
6.000000
6.000000
-0.750000
12
0
524.701050
284.137085
7.000000
7.000000
7.000000
-0.875000
14
0
50.209053
66.139717
7.000000
7.000000
7.000000
-0.875000
13
0
580.623169
300.814850
6.000000
6.000000
6.000000
-0.750000
11
0
491.828979
15.007782
6.000000
6.000000
6.000000
-0.750000
12
0
579.085083
703.080566
7.000000
7.000000
7.000000
-0.875000
12
0
439.224823
350.364685
7.000000
7.000000
7.000000
-0.875000
13
0
265.393829
18.875088
6.000000
6.000000
6.000000
-0.750000
14
0
427.095551
517.318054
6.000000
6.000000
6.000000
-0.750000
11
0
207.691879
158.054138
4.000000
4.000000
4.000000
-0.500000
14
0
312.350830
644.104126
5.000000
5.000000
5.000000
-0.625000
14
0
438.367859
407.451385
4.000000
4.000000
4.000000
-0.500000
13
0
120.765404
442.542816
5.000000
5.000000
5.000000
-0.625000
11
0
625.690491
516.307251
7.000000
7.000000
7.000000
-0.875000
12
0
263.526123
718.154236
5.000000
5.000000
5.000000
-0.625000
14
0
335.312958
631.601318
6.000000
6.000000
6.000000
-0.750000
13
0
403.737915
290.641205
5.000000
5.000000
5.000000
-0.625000
11
0
102.000183
243.244720
7.000000
7.000000
7.000000
-0.875000
12
0
573.042419
564.099243
5.000000
5.000000
5.000000
-0.625000
12
0
430.984833
459.616089
4.000000
4.000000
4.000000
-0.500000
14
0
218.195129
467.372650
4.000000
4.000000
4.000000
-0.500000
13
0
169.634079
252.605362
7.000000
7.000000
7.000000
-0.875000
13
0
217.601852
484.314087
5.000000
5.000000
5.000000
-0.625000
13
0
8.987091
353.155304
5.000000
5.000000
5.000000
-0.625000
14
0
667.857300
654.211853
5.000000
5.000000
5.000000
-0.625000
14
0
315.383148
396.420776
7.000000
7.000000
7.000000
-0.875000
14
0
200.330826
461.923279
7.000000
7.000000
7.000000
-0.875000
13
0
491.872925
117.117828
4.000000
4.000000
4.000000
-0.500000
14
0
427.754761
618.439270
7.000000
7.000000
7.000000
-0.875000
11
0
589.983826
274.952240
5.000000
5.000000
5.000000
-0.625000
11
0
400.749542
250.891449
7.000000
7.000000
7.000000
-0.875000
13
0
131.048920
429.732361
7.000000
7.000000
7.000000
-0.875000
11
0
514.395569
303.122040
5.000000
5.000000
5.000000
-0.625000
13
0
618.065735
46.803185
5.000000
5.000000
5.000000
-0.625000
13
0
24.785913
185.894348
7.000000
7.000000
7.000000
-0.875000
11
0
216.898712
52.384411
6.000000
6.000000
6.000000
-0.750000
13
0
415.647461
637.160583
5.000000
5.000000
5.000000
-0.625000
13
0
48.165531
518.834167
4.000000
4.000000
4.000000
-0.500000
14
0
214.789276
552.453369
7.000000
7.000000
7.000000
-0.875000
11
0
488.642853
239.904785
4.000000
4.000000
4.000000
-0.500000
14
0
700.795288
25.137486
5.000000
5.000000
5.000000
-0.625000
12
0
442.806488
356.165649
7.000000
7.000000
7.000000
-0.875000
13
0
179.478134
236.806549
5.000000
5.000000
5.000000
-0.625000
11
0
304.440430
510.286560
4.000000
4.000000
4.000000
-0.500000
14
0
590.555115
197.474289
4.000000
4.000000
4.000000
-0.500000
11
0
688.270508
492.246460
7.000000
7.000000
7.000000
-0.875000
13
0
524.041870
416.020996
5.000000
5.000000
5.000000
-0.625000
12
0
531.380981
174.797821
4.000000
4.000000
4.000000
-0.500000
11
0
566.999695
540.390015
5.000000
5.000000
5.000000
-0.625000
11
0
324.853668
618.746887
6.000000
6.000000
6.000000
-0.750000
14
0
99.978638
327.951904
5.000000
5.000000
5.000000
-0.625000
13
0
395.388031
588.116089
5.000000
5.000000
5.000000
-0.625000
14
0
663.682373
345.816223
7.000000
7.000000
7.000000
-0.875000
13
0
716.747925
715.671265
4.000000
4.000000
4.000000
-0.500000
13
0
55.306862
241.179230
5.000000
5.000000
5.000000
-0.625000
13
0
91.343117
198.045593
7.000000
7.000000
7.000000
-0.875000
12
0
195.452744
341.553406
5.000000
5.000000
5.000000
-0.625000
14
0
461.989197
421.250641
6.000000
6.000000
6.000000
-0.750000
12
0
684.381226
105.120392
7.000000
7.000000
7.000000
-0.875000
13
0
513.099182
395.783569
5.000000
5.000000
5.000000
-0.625000
13
0
368.690460
621.120056
6.000000
6.000000
6.000000
-0.750000
14
0
162.580643
562.077698
6.000000
6.000000
6.000000
-0.750000
14
0
437.928406
359.967041
4.000000
4.000000
4.000000
-0.500000
13
0
103.252663
565.747253
6.000000
6.000000
6.000000
-0.750000
12
0
411.098969
13.799250
5.000000
5.000000
5.000000
-0.625000
12
0
714.440735
362.955414
4.000000
4.000000
4.000000
-0.500000
14
0
693.192566
586.665833
7.000000
7.000000
7.000000
-0.875000
11
0
343.465057
335.642578
7.000000
7.000000
7.000000
-0.875000
11
0
181.807312
494.773407
5.000000
5.000000
5.000000
-0.625000
12
0
157.307053
416.987823
5.000000
5.000000
5.000000
-0.625000
12
0
443.729370
316.943268
4.000000
4.000000
4.000000
-0.500000
11
0
444.190796
386.510803
7.000000
7.000000
7.000000
-0.875000
14
0
621.383728
74.841148
5.000000
5.000000
5.000000
-0.625000
14
0
604.969604
615.560791
6.000000
6.000000
6.000000
-0.750000
13
0
349.507721
563.330200
6.000000
6.000000
6.000000
-0.750000
14
0
674.866760
382.577606
5.000000
5.000000
5.000000
-0.625000
12
0
601.717590
90.705894
4.000000
4.000000
4.000000
-0.500000
13
0
54.955292
238.344681
5.000000
5.000000
5.000000
-0.625000
11
0
306.967377
309.120758
6.000000
6.000000
6.000000
-0.750000
14
0
653.794373
501.431305
4.000000
4.000000
4.000000
-0.500000
11
0
256.208984
254.802704
5.000000
5.000000
5.000000
-0.625000
12
0
38.804893
203.319199
6.000000
6.000000
6.000000
-0.750000
13
0
618.922668
198.419144
6.000000
6.000000
6.000000
-0.750000
11
0
384.000000
-384.000000
2.000000
2.000000
0.000000
0.000000
1000
0
168.089996
356.130005
12.900000
21.000000
13.200000
0.350000
2003
335
161.437744
344.116364
4.000000
9.790000
2.000000
0.040000
2004
270
160.005188
327.336884
5.790000
2.600000
1.800000
0.330000
2005
190
145.276764
353.652039
4.000000
4.000000
1.800000
0.330000
2005
0
496.646027
262.198608
497.506134
261.388824
1
0
476.034943
511.121552
592.802246
695.182617
1
0
474.038025
516.116394
592.802246
695.182617
1
0
465.062531
521.110962
592.802246
695.182617
1
0
350.405457
413.286041
638.985779
644.298950
1
0
373.014130
39.220184
373.782410
17.869442
1
0
372.936829
44.123100
373.782410
17.869442
1
0
372.795807
49.056404
373.782410
17.869442
1
0
372.821899
53.994904
373.782410
17.869442
1
0
70.090744
439.912537
69.479660
61.055817
1
0
233.314957
89.753532
232.620621
72.181648
1
0
233.363205
94.698509
232.620621
72.181648
1
0
472.270142
459.559326
715.981079
460.404907
1
0
473.269379
459.789459
715.981079
460.404907
1
0
501.633270
264.985596
698.315979
264.113525
1
0
485.240112
137.965530
724.018921
1.884579
1
0
478.247803
142.956055
724.018921
1.884579
1
0
479.263245
459.883453
715.981079
460.404907
1
0
259.000000
384.000000
259.000000
384.000000
12
0
331.334045
110.287003
331.935669
47.909176
1
0
